 name:     cobalt                                                 Feff 8.10
 formula:  Co
 sites:    Co1
 refer1:   Kittel, ISSP
 refer2:
 schoen:
 notes1:   metal, hexagonal close packed (hcp)
 Abs   Z=27 Rmt= 1.331 Rnm= 1.367 K  shell
 Pot 1 Z=27 Rmt= 1.340 Rnm= 1.378
 Gam_ch=1.436E+00 H-L exch
 Mu=-5.188E+00 kf=2.078E+00 Vint=-2.163E+01 Rs_int= 1.746
 S02   .949                                        Global sig2   .00000
 Curved wave amplitude ratio filter   4.000%
    file         sig2 tot  cw amp ratio   deg  nlegs   reff  inp sig2
          1        .00000    100.00      6.00     2   2.4982
          2        .00000     99.00      6.00     2   2.5100
          3        .00000     45.39      6.00     2   3.5413
          4        .00000      5.38     12.00     3   3.7532
          5        .00000     11.00     24.00     3   3.7533
          6        .00000      5.40     12.00     3   3.7650
          7        .00000     10.75      2.00     2   4.0700
          8        .00000      6.88     24.00     3   4.2748
          9        .00000     10.19     24.00     3   4.2748
         10        .00000     10.20     24.00     3   4.2748
         11        .00000     54.80     12.00     2   4.3407
         12        .00000     27.29      6.00     2   4.3474
         13        .00000      5.57     12.00     3   4.5332
         14        .00000     10.89     24.00     3   4.6745
         15        .00000     12.38     24.00     3   4.6744
         16        .00000     12.38     24.00     3   4.6745
         17        .00000      5.37     12.00     3   4.6837
         18        .00000     12.19     24.00     3   4.6837
         19        .00000     42.63     12.00     2   4.7817
         20        .00000     11.42     12.00     3   4.8891
         21        .00000     23.70     24.00     3   4.8891
         23        .00000      4.06      6.00     4   4.9965
         27        .00000     18.74      6.00     2   5.0200
         28        .00000      8.46      6.00     3   5.0200
         29        .00000     50.36     12.00     3   5.0200
         30        .00000     10.42      6.00     4   5.0200
         32        .00000     41.28      6.00     4   5.0200
         33        .00000      4.84     24.00     3   5.1960
         34        .00000      5.11     24.00     3   5.1960
         35        .00000      5.58     24.00     3   5.4107
   30/  34 paths used
 -----------------------------------------------------------------------
      k          chi          mag           phase @#
      .0000   -4.198637E-01  4.206328E-01 -1.510314E+00
      .0500   -4.194519E-01  4.203948E-01 -1.503807E+00
      .1000   -4.190157E-01  4.201501E-01 -1.497298E+00
      .1500   -4.176126E-01  4.194204E-01 -1.477917E+00
      .2000   -4.159963E-01  4.186320E-01 -1.458523E+00
      .2500   -4.129615E-01  4.172948E-01 -1.426559E+00
      .3000   -4.093626E-01  4.158026E-01 -1.394567E+00
      .3500   -4.036795E-01  4.136802E-01 -1.350465E+00
      .4000   -3.969776E-01  4.112772E-01 -1.306326E+00
      .4500   -3.874261E-01  4.081551E-01 -1.250725E+00
      .5000   -3.763951E-01  4.046160E-01 -1.195101E+00
      .5500   -3.617982E-01  4.002872E-01 -1.128676E+00
      .6000   -3.453806E-01  3.954129E-01 -1.062281E+00
      .6500   -3.249095E-01  3.897128E-01 -9.858019E-01
      .7000   -3.025393E-01  3.833642E-01 -9.094555E-01
      .7500   -2.760119E-01  3.761936E-01 -8.237465E-01
      .8000   -2.478947E-01  3.683106E-01 -7.383370E-01
      .8500   -2.160160E-01  3.596573E-01 -6.442715E-01
      .9000   -1.833079E-01  3.502769E-01 -5.507457E-01
      .9500   -1.477536E-01  3.402228E-01 -4.492441E-01
     1.0000   -1.125455E-01  3.294809E-01 -3.486021E-01
     1.0500   -7.583843E-02  3.182051E-01 -2.406479E-01
     1.1000   -4.091305E-02  3.063355E-01 -1.339566E-01
     1.1500   -6.056321E-03  2.941028E-01 -2.059398E-02
     1.2000    2.557929E-02  2.814206E-01  9.101908E-02
     1.2500    5.564078E-02  2.685724E-01  2.086837E-01
     1.3000    8.133647E-02  2.554593E-01  3.240338E-01
     1.3500    1.043103E-01  2.423949E-01  4.448606E-01
     1.4000    1.223213E-01  2.292766E-01  5.627446E-01
     1.4500    1.370351E-01  2.164287E-01  6.856356E-01
     1.5000    1.468579E-01  2.037477E-01  8.049310E-01
     1.5500    1.534373E-01  1.915513E-01  9.290050E-01
     1.6000    1.558069E-01  1.797346E-01  1.048893E+00
     1.6500    1.554781E-01  1.685909E-01  1.173786E+00
     1.7000    1.520037E-01  1.580123E-01  1.294139E+00
     1.7500    1.465725E-01  1.482432E-01  1.420522E+00
     1.8000    1.391208E-01  1.391765E-01  1.542512E+00
     1.8500    1.303020E-01  1.309818E-01  1.672719E+00
     1.9000    1.203426E-01  1.235588E-01  1.799460E+00
     1.9500    1.091855E-01  1.169839E-01  1.937992E+00
     2.0000    9.734588E-02  1.111725E-01  2.074856E+00
     2.0500    8.329742E-02  1.061165E-01  2.238958E+00
     2.1000    6.849884E-02  1.017620E-01  2.403162E+00
     2.1500    5.310635E-02  9.806314E-02  2.569310E+00
     2.2000    3.715455E-02  9.493309E-02  2.739466E+00
     2.2500    1.588616E-02  9.138276E-02  2.966863E+00
     2.3000   -5.046709E-03  8.828543E-02  3.198787E+00
     2.3500   -2.490219E-02  8.557800E-02  3.436852E+00
     2.4000   -4.283349E-02  8.316666E-02  3.682638E+00
     2.4500   -5.903217E-02  8.272202E-02  3.936246E+00
     2.5000   -7.121403E-02  8.183191E-02  4.197298E+00
     2.5500   -7.791469E-02  8.034496E-02  4.465806E+00
     2.6000   -7.808349E-02  7.811708E-02  4.741714E+00
     2.6500   -7.640042E-02  8.006079E-02  5.015943E+00
     2.7000   -6.841831E-02  8.176498E-02  5.291832E+00
     2.7500   -5.446448E-02  8.321011E-02  5.569609E+00
     2.8000   -3.544555E-02  8.436913E-02  5.849603E+00
     2.8500   -1.476461E-02  8.872871E-02  6.116006E+00
     2.9000    9.159170E-03  9.273138E-02  6.382118E+00
     2.9500    3.429779E-02  9.637655E-02  6.647033E+00
     3.0000    5.850729E-02  9.968462E-02  6.910440E+00
     3.0500    8.035214E-02  1.048533E-01  7.156293E+00
     3.1000    9.849863E-02  1.094848E-01  7.402166E+00
     3.1500    1.111244E-01  1.135387E-01  7.647391E+00
     3.2000    1.169070E-01  1.169886E-01  7.891343E+00
     3.2500    1.168767E-01  1.213002E-01  8.124875E+00
     3.3000    1.093292E-01  1.248221E-01  8.357522E+00
     3.3500    9.466830E-02  1.275404E-01  8.588339E+00
     3.4000    7.399210E-02  1.294713E-01  8.816452E+00
     3.4500    4.887135E-02  1.316482E-01  9.044448E+00
     3.5000    2.058107E-02  1.329231E-01  9.269318E+00
     3.5500   -8.702898E-03  1.334016E-01  9.490063E+00
     3.6000   -3.696587E-02  1.332223E-01  9.705943E+00
     3.6500   -6.330160E-02  1.322119E-01  9.924053E+00
     3.7000   -8.520648E-02  1.304461E-01  1.013657E+01
     3.7500   -1.017624E-01  1.281387E-01  1.034240E+01
     3.8000   -1.127752E-01  1.255287E-01  1.054089E+01
     3.8500   -1.183922E-01  1.223296E-01  1.074117E+01
     3.9000   -1.186558E-01  1.188896E-01  1.093284E+01
     3.9500   -1.146490E-01  1.154741E-01  1.111518E+01
     4.0000   -1.075814E-01  1.123540E-01  1.128809E+01
     4.0500   -9.724487E-02  1.086783E-01  1.145840E+01
     4.1000   -8.573505E-02  1.055775E-01  1.161870E+01
     4.1500   -7.383589E-02  1.032972E-01  1.177005E+01
     4.2000   -6.190460E-02  1.020412E-01  1.191451E+01
     4.2500   -4.931528E-02  1.011242E-01  1.205695E+01
     4.3000   -3.665963E-02  1.014575E-01  1.219668E+01
     4.3500   -2.339511E-02  1.030690E-01  1.233739E+01
     4.4000   -8.871385E-03  1.058921E-01  1.248249E+01
     4.4500    7.353827E-03  1.093198E-01  1.263369E+01
     4.5000    2.554818E-02  1.137310E-01  1.279294E+01
     4.5500    4.574401E-02  1.189121E-01  1.296124E+01
     4.6000    6.750145E-02  1.246359E-01  1.313870E+01
     4.6500    8.964860E-02  1.302672E-01  1.332536E+01
     4.7000    1.109906E-01  1.360819E-01  1.352016E+01
     4.7500    1.298411E-01  1.418800E-01  1.372224E+01
     4.8000    1.443470E-01  1.474812E-01  1.393064E+01
     4.8500    1.525362E-01  1.525413E-01  1.414536E+01
     4.9000    1.530640E-01  1.571172E-01  1.436480E+01
     4.9500    1.449754E-01  1.610754E-01  1.458809E+01
     5.0000    1.280468E-01  1.643010E-01  1.481435E+01
     5.0500    1.025261E-01  1.664601E-01  1.504441E+01
     5.1000    7.020488E-02  1.676987E-01  1.527602E+01
     5.1500    3.330811E-02  1.679552E-01  1.550832E+01
     5.2000   -5.428052E-03  1.671920E-01  1.574043E+01
     5.2500   -4.333374E-02  1.650885E-01  1.597356E+01
     5.3000   -7.715261E-02  1.619527E-01  1.620451E+01
     5.3500   -1.045535E-01  1.578388E-01  1.643199E+01
     5.4000   -1.240193E-01  1.528444E-01  1.665452E+01
     5.4500   -1.348096E-01  1.467979E-01  1.687181E+01
     5.5000   -1.374812E-01  1.402366E-01  1.708020E+01
     5.5500   -1.334557E-01  1.334558E-01  1.727736E+01
     5.6000   -1.247413E-01  1.268402E-01  1.746093E+01
     5.6500   -1.132203E-01  1.205701E-01  1.762973E+01
     5.7000   -1.012376E-01  1.155571E-01  1.778188E+01
     5.7500   -9.013265E-02  1.124064E-01  1.791918E+01
     5.8000   -8.030875E-02  1.116510E-01  1.804679E+01
     5.8500   -7.111226E-02  1.135075E-01  1.817250E+01
     5.9000   -6.114278E-02  1.181911E-01  1.830584E+01
     5.9500   -4.831159E-02  1.254195E-01  1.845413E+01
     6.0000   -3.049210E-02  1.347023E-01  1.862121E+01
     6.0500   -5.997031E-03  1.452852E-01  1.880827E+01
     6.1000    2.564393E-02  1.567552E-01  1.901389E+01
     6.1500    6.346665E-02  1.685638E-01  1.923559E+01
     6.2000    1.048998E-01  1.802385E-01  1.947075E+01
     6.2500    1.459606E-01  1.913791E-01  1.971700E+01
     6.3000    1.817461E-01  2.016478E-01  1.997233E+01
     6.3500    2.071534E-01  2.107598E-01  2.023509E+01
     6.4000    2.177134E-01  2.184765E-01  2.050396E+01
     6.4500    2.103991E-01  2.245997E-01  2.077785E+01
     6.5000    1.842605E-01  2.289684E-01  2.105591E+01
     6.5500    1.401893E-01  2.311217E-01  2.133942E+01
     6.6000    8.262921E-02  2.312502E-01  2.162576E+01
     6.6500    1.759050E-02  2.293107E-01  2.191436E+01
     6.7000   -4.775875E-02  2.252930E-01  2.220475E+01
     6.7500   -1.061249E-01  2.192190E-01  2.249649E+01
     6.8000   -1.511666E-01  2.111404E-01  2.278914E+01
     6.8500   -1.784378E-01  2.011381E-01  2.308226E+01
     6.9000   -1.860346E-01  1.893200E-01  2.337538E+01
     6.9500   -1.748338E-01  1.758198E-01  2.366790E+01
     7.0000   -1.482814E-01  1.607953E-01  2.395907E+01
     7.0500   -1.115856E-01  1.443329E-01  2.424901E+01
     7.1000   -7.139965E-02  1.267713E-01  2.453447E+01
     7.1500   -3.409967E-02  1.083523E-01  2.481259E+01
     7.2000   -4.877075E-03  8.935287E-02  2.507813E+01
     7.2500    1.307507E-02  7.011559E-02  2.532032E+01
     7.3000    1.899607E-02  5.115375E-02  2.551321E+01
     7.3500    1.454458E-02  3.358832E-02  2.558059E+01
     7.4000    3.352134E-03  2.134482E-02  2.529044E+01
     7.4500   -9.765551E-03  2.382024E-02  2.471032E+01
     7.5000   -1.978848E-02  3.739381E-02  2.457509E+01
     7.5500   -2.228613E-02  5.337127E-02  2.470197E+01
     7.6000   -1.476712E-02  6.925014E-02  2.491785E+01
     7.6500    3.218965E-03  8.427965E-02  2.517094E+01
     7.7000    2.989656E-02  9.811165E-02  2.544239E+01
     7.7500    6.159837E-02  1.105351E-01  2.572384E+01
     7.8000    9.344184E-02  1.214062E-01  2.601105E+01
     7.8500    1.202142E-01  1.306254E-01  2.630158E+01
     7.9000    1.372988E-01  1.381287E-01  2.659386E+01
     7.9500    1.414739E-01  1.438837E-01  2.688681E+01
     8.0000    1.314448E-01  1.478883E-01  2.717959E+01
     8.0500    1.078524E-01  1.500761E-01  2.747247E+01
     8.1000    7.362181E-02  1.506181E-01  2.776362E+01
     8.1500    3.292643E-02  1.495963E-01  2.805242E+01
     8.2000   -9.382134E-03  1.471168E-01  2.833815E+01
     8.2500   -4.855933E-02  1.433116E-01  2.862001E+01
     8.3000   -8.068633E-02  1.383412E-01  2.889705E+01
     8.3500   -1.031955E-01  1.323955E-01  2.916812E+01
     8.4000   -1.151154E-01  1.256944E-01  2.943192E+01
     8.4500   -1.170076E-01  1.184866E-01  2.968696E+01
     8.5000   -1.106314E-01  1.110467E-01  2.993165E+01
     8.5500   -9.849569E-02  1.037288E-01  3.016413E+01
     8.6000   -8.311686E-02  9.679801E-02  3.038327E+01
     8.6500   -6.667692E-02  9.056094E-02  3.058839E+01
     8.7000   -5.066106E-02  8.530143E-02  3.078002E+01
     8.7500   -3.573783E-02  8.124416E-02  3.096046E+01
     8.8000   -2.184800E-02  7.851205E-02  3.113393E+01
     8.8500   -8.457964E-03  7.709332E-02  3.130599E+01
     8.9000    5.098714E-03  7.683710E-02  3.148233E+01
     8.9500    1.928164E-02  7.748397E-02  3.166742E+01
     9.0000    3.408881E-02  7.871818E-02  3.186380E+01
     9.0500    4.914321E-02  8.041086E-02  3.207344E+01
     9.1000    6.316902E-02  8.204888E-02  3.229460E+01
     9.1500    7.468245E-02  8.339261E-02  3.252560E+01
     9.2000    8.218861E-02  8.426186E-02  3.276443E+01
     9.2500    8.451201E-02  8.453310E-02  3.300907E+01
     9.3000    8.106858E-02  8.413426E-02  3.325750E+01
     9.3500    7.201694E-02  8.303918E-02  3.350784E+01
     9.4000    5.825607E-02  8.126285E-02  3.375820E+01
     9.4500    4.127201E-02  7.885766E-02  3.400671E+01
     9.5000    2.287057E-02  7.591051E-02  3.425148E+01
     9.5500    4.786554E-03  7.259218E-02  3.449153E+01
     9.6000   -1.136985E-02  6.898448E-02  3.472309E+01
     9.6500   -2.460747E-02  6.528210E-02  3.494401E+01
     9.7000   -3.458540E-02  6.170757E-02  3.515248E+01
     9.7500   -4.155653E-02  5.850076E-02  3.534753E+01
     9.8000   -4.618069E-02  5.589821E-02  3.552977E+01
     9.8500   -4.925867E-02  5.409983E-02  3.570205E+01
     9.9000   -5.145555E-02  5.322827E-02  3.586951E+01
     9.9500   -5.308263E-02  5.329630E-02  3.603874E+01
    10.0000   -5.399201E-02  5.420063E-02  3.621608E+01
    10.0500   -5.380733E-02  5.592726E-02  3.640453E+01
    10.1000   -5.156547E-02  5.814198E-02  3.660855E+01
    10.1500   -4.632021E-02  6.057720E-02  3.682862E+01
    10.2000   -3.737995E-02  6.298028E-02  3.706369E+01
    10.2500   -2.459102E-02  6.513080E-02  3.731195E+01
    10.3000   -8.515690E-03  6.684628E-02  3.757137E+01
    10.3500    9.547143E-03  6.798192E-02  3.784001E+01
    10.4000    2.771478E-02  6.842791E-02  3.811611E+01
    10.4500    4.382354E-02  6.810613E-02  3.839812E+01
    10.5000    5.582196E-02  6.696714E-02  3.868466E+01
    10.5500    6.217156E-02  6.498751E-02  3.897445E+01
    10.6000    6.216718E-02  6.216759E-02  3.926628E+01
    10.6500    5.610352E-02  5.852965E-02  3.955884E+01
    10.7000    4.524566E-02  5.411648E-02  3.985061E+01
    10.7500    3.160294E-02  4.899051E-02  4.013957E+01
    10.8000    1.754798E-02  4.323427E-02  4.042276E+01
    10.8500    5.357132E-03  3.695352E-02  4.069522E+01
    10.9000   -3.233192E-03  3.028802E-02  4.094766E+01
    10.9500   -7.361241E-03  2.344534E-02  4.116008E+01
    11.0000   -7.194548E-03  1.682055E-02  4.128268E+01
    11.0500   -3.940545E-03  1.151994E-02  4.118982E+01
    11.1000    6.967759E-04  1.020857E-02  4.077240E+01
    11.1500    4.562454E-03  1.422039E-02  4.051409E+01
    11.2000    5.637964E-03  2.060582E-02  4.056356E+01
    11.2500    2.503238E-03  2.761303E-02  4.074993E+01
    11.3000   -5.316877E-03  3.465204E-02  4.099475E+01
    11.3500   -1.719603E-02  4.146128E-02  4.126837E+01
    11.4000   -3.147554E-02  4.788266E-02  4.155800E+01
    11.4500   -4.574935E-02  5.380160E-02  4.185732E+01
    11.5000   -5.731032E-02  5.912810E-02  4.216290E+01
    11.5500   -6.367080E-02  6.379003E-02  4.247265E+01
    11.6000   -6.305441E-02  6.773046E-02  4.278526E+01
    11.6500   -5.476225E-02  7.090670E-02  4.309982E+01
    11.7000   -3.934123E-02  7.328980E-02  4.341567E+01
    11.7500   -1.852187E-02  7.486422E-02  4.373229E+01
    11.8000    5.061656E-03  7.562759E-02  4.404928E+01
    11.8500    2.831458E-02  7.559023E-02  4.436624E+01
    11.9000    4.820214E-02  7.477469E-02  4.468284E+01
    11.9500    6.224949E-02  7.321501E-02  4.499872E+01
    12.0000    6.892900E-02  7.095598E-02  4.531349E+01
    12.0500    6.812281E-02  6.831547E-02  4.562821E+01
    12.1000    6.024395E-02  6.507662E-02  4.594091E+01
    12.1500    4.697183E-02  6.130317E-02  4.625095E+01
    12.2000    3.061934E-02  5.706641E-02  4.655754E+01
    12.2500    1.369995E-02  5.244454E-02  4.685960E+01
    12.3000   -1.507838E-03  4.752239E-02  4.715562E+01
    12.3500   -1.331802E-02  4.239182E-02  4.744347E+01
    12.4000   -2.085587E-02  3.715333E-02  4.771990E+01
    12.4500   -2.410778E-02  3.192035E-02  4.797992E+01
    12.5000   -2.380677E-02  2.682861E-02  4.821549E+01
    12.5500   -2.118952E-02  2.205606E-02  4.841345E+01
    12.6000   -1.768331E-02  1.786199E-02  4.855312E+01
    12.6500   -1.459025E-02  1.464384E-02  4.860911E+01
    12.7000   -1.283118E-02  1.291904E-02  4.857800E+01
    12.7500   -1.279472E-02  1.298420E-02  4.852364E+01
    12.8000   -1.431191E-02  1.449836E-02  4.853414E+01
    12.8500   -1.675014E-02  1.678185E-02  4.863320E+01
    12.9000   -1.919631E-02  1.930268E-02  4.879972E+01
    12.9500   -2.068395E-02  2.175368E-02  4.900959E+01
    13.0000   -2.041385E-02  2.397000E-02  4.924637E+01
    13.0500   -1.793457E-02  2.593530E-02  4.950190E+01
    13.1000   -1.315648E-02  2.754103E-02  4.976744E+01
    13.1500   -6.463880E-03  2.876832E-02  5.003886E+01
    13.2000    1.415780E-03  2.961593E-02  5.031331E+01
    13.2500    9.558460E-03  3.009576E-02  5.058868E+01
    13.3000    1.701572E-02  3.023007E-02  5.086334E+01
    13.3500    2.297599E-02  3.004959E-02  5.113591E+01
    13.4000    2.688438E-02  2.959209E-02  5.140516E+01
    13.4500    2.850239E-02  2.890109E-02  5.166998E+01
    13.5000    2.790334E-02  2.802460E-02  5.192934E+01
    13.5500    2.541307E-02  2.701387E-02  5.218226E+01
    13.6000    2.151555E-02  2.592179E-02  5.242794E+01
    13.6500    1.674779E-02  2.480113E-02  5.266573E+01
    13.7000    1.160703E-02  2.370224E-02  5.289533E+01
    13.7500    6.487187E-03  2.267035E-02  5.311687E+01
    13.8000    1.652238E-03  2.174253E-02  5.333101E+01
    13.8500   -2.755277E-03  2.094478E-02  5.353901E+01
    13.9000   -6.680498E-03  2.028978E-02  5.374259E+01
    13.9500   -1.011141E-02  1.977618E-02  5.394376E+01
    14.0000   -1.303749E-02  1.938995E-02  5.414450E+01
    14.0500   -1.550718E-02  1.919213E-02  5.434782E+01
    14.1000   -1.738311E-02  1.907117E-02  5.455396E+01
    14.1500   -1.855917E-02  1.899446E-02  5.476337E+01
    14.2000   -1.893258E-02  1.893262E-02  5.497587E+01
    14.2500   -1.843695E-02  1.886275E-02  5.519075E+01
    14.3000   -1.706874E-02  1.877048E-02  5.540697E+01
    14.3500   -1.489887E-02  1.865094E-02  5.562333E+01
    14.4000   -1.206589E-02  1.850886E-02  5.583858E+01
    14.4500   -8.752786E-03  1.835795E-02  5.605167E+01
    14.5000   -5.154554E-03  1.821953E-02  5.626184E+01
    14.5500   -1.446011E-03  1.812035E-02  5.646878E+01
    14.6000    2.240354E-03  1.808949E-02  5.667283E+01
    14.6500    5.819855E-03  1.815460E-02  5.687500E+01
    14.7000    9.242566E-03  1.833779E-02  5.707691E+01
    14.7500    1.246553E-02  1.865193E-02  5.728062E+01
    14.8000    1.541878E-02  1.909835E-02  5.748829E+01
    14.8500    1.797624E-02  1.966635E-02  5.770185E+01
    14.9000    1.994246E-02  2.033460E-02  5.792276E+01
    14.9500    2.106265E-02  2.107372E-02  5.815187E+01
    15.0000    2.105780E-02  2.184943E-02  5.838947E+01
    15.0500    1.971868E-02  2.267753E-02  5.863602E+01
    15.1000    1.684308E-02  2.348030E-02  5.889030E+01
    15.1500    1.242445E-02  2.422396E-02  5.915170E+01
    15.2000    6.653626E-03  2.487715E-02  5.941951E+01
    15.2500   -6.845701E-05  2.541171E-02  5.969295E+01
    15.3000   -7.156574E-03  2.580326E-02  5.997130E+01
    15.3500   -1.390568E-02  2.603148E-02  6.025381E+01
    15.4000   -1.958553E-02  2.608030E-02  6.053979E+01
    15.4500   -2.354995E-02  2.593794E-02  6.082859E+01
    15.5000   -2.534118E-02  2.559698E-02  6.111956E+01
    15.5500   -2.476905E-02  2.505424E-02  6.141208E+01
    15.6000   -2.194901E-02  2.431077E-02  6.170550E+01
    15.6500   -1.728985E-02  2.337168E-02  6.199911E+01
    15.7000   -1.143181E-02  2.224609E-02  6.229215E+01
    15.7500   -5.145068E-03  2.094696E-02  6.258369E+01
    15.8000    7.934444E-04  1.949108E-02  6.287257E+01
    15.8500    5.722546E-03  1.789910E-02  6.315728E+01
    15.9000    9.196202E-03  1.619585E-02  6.343570E+01
    15.9500    1.104183E-02  1.441105E-02  6.370477E+01
    16.0000    1.136745E-02  1.258097E-02  6.395982E+01
    16.0500    1.055736E-02  1.078826E-02  6.419539E+01
    16.1000    9.048978E-03  9.049073E-03  6.439806E+01
    16.1500    7.379023E-03  7.458633E-03  6.454889E+01
    16.2000    6.021805E-03  6.170047E-03  6.462230E+01
    16.2500    5.295630E-03  5.406435E-03  6.460546E+01
    16.3000    5.305475E-03  5.360427E-03  6.454596E+01
    16.3500    5.932262E-03  5.986051E-03  6.453681E+01
    16.4000    6.869503E-03  7.032309E-03  6.461825E+01
    16.4500    7.698460E-03  8.262571E-03  6.477431E+01
    16.5000    7.985364E-03  9.528001E-03  6.497967E+01
    16.5500    7.380143E-03  1.074259E-02  6.521610E+01
    16.6000    5.696325E-03  1.185509E-02  6.547223E+01
    16.6500    2.956201E-03  1.283348E-02  6.574101E+01
    16.7000   -6.071657E-04  1.365746E-02  6.601792E+01
    16.7500   -4.590365E-03  1.431468E-02  6.629989E+01
    16.8000   -8.493151E-03  1.479888E-02  6.658471E+01
    16.8500   -1.180924E-02  1.510893E-02  6.687068E+01
    16.9000   -1.411561E-02  1.524825E-02  6.715638E+01
    16.9500   -1.514271E-02  1.522451E-02  6.744053E+01
    17.0000   -1.481248E-02  1.504943E-02  6.772193E+01
    17.0500   -1.327027E-02  1.477956E-02  6.800011E+01
    17.1000   -1.073508E-02  1.439240E-02  6.827318E+01
    17.1500   -7.567696E-03  1.390990E-02  6.853978E+01
    17.2000   -4.157893E-03  1.335786E-02  6.879851E+01
    17.2500   -8.558024E-04  1.276573E-02  6.904795E+01
    17.3000    2.079777E-03  1.216619E-02  6.928683E+01
    17.3500    4.506845E-03  1.159403E-02  6.951428E+01
    17.4000    6.396647E-03  1.108428E-02  6.973020E+01
    17.4500    7.805141E-03  1.066904E-02  6.993566E+01
    17.5000    8.829013E-03  1.037331E-02  7.013317E+01
    17.5500    9.558785E-03  1.021066E-02  7.032657E+01
    17.6000    1.004142E-02  1.018036E-02  7.052043E+01
    17.6500    1.026168E-02  1.026735E-02  7.071905E+01
    17.7000    1.014642E-02  1.044536E-02  7.092565E+01
    17.7500    9.589571E-03  1.068182E-02  7.114200E+01
    17.8000    8.490745E-03  1.094276E-02  7.136845E+01
    17.8500    6.796470E-03  1.119649E-02  7.160433E+01
    17.9000    4.532790E-03  1.141587E-02  7.184832E+01
    17.9500    1.820082E-03  1.157934E-02  7.209879E+01
    18.0000   -1.134497E-03  1.167127E-02  7.235399E+01
    18.0500   -4.076887E-03  1.169802E-02  7.261261E+01
    18.1000   -6.722267E-03  1.164107E-02  7.287225E+01
    18.1500   -8.824598E-03  1.150181E-02  7.313115E+01
    18.2000   -1.021259E-02  1.128693E-02  7.338758E+01
    18.2500   -1.081508E-02  1.100833E-02  7.363978E+01
    18.3000   -1.066473E-02  1.068307E-02  7.388603E+01
    18.3500   -9.879625E-03  1.033304E-02  7.412477E+01
    18.4000   -8.628073E-03  9.984444E-03  7.435476E+01
    18.4500   -7.085768E-03  9.666382E-03  7.457545E+01
    18.5000   -5.396629E-03  9.408566E-03  7.478735E+01
    18.5500   -3.647419E-03  9.237756E-03  7.499233E+01
    18.6000   -1.862642E-03  9.173436E-03  7.519375E+01
    18.6500   -2.079836E-05  9.223894E-03  7.539597E+01
    18.7000    1.912794E-03  9.384259E-03  7.560349E+01
    18.7500    3.946143E-03  9.637375E-03  7.582009E+01
    18.8000    6.025666E-03  9.957053E-03  7.604820E+01
    18.8500    8.017498E-03  1.031225E-02  7.628886E+01
    18.9000    9.712663E-03  1.067081E-02  7.654201E+01
    18.9500    1.085779E-02  1.100212E-02  7.680686E+01
    19.0000    1.120631E-02  1.127859E-02  7.708230E+01
    19.0500    1.058504E-02  1.148660E-02  7.736786E+01
    19.1000    8.927502E-03  1.159923E-02  7.766150E+01
    19.1500    6.334131E-03  1.160048E-02  7.796221E+01
    19.2000    3.069450E-03  1.147806E-02  7.826910E+01
    19.2500   -4.673586E-04  1.122323E-02  7.858147E+01
    19.3000   -3.804424E-03  1.083066E-02  7.889874E+01
    19.3500   -6.480881E-03  1.029832E-02  7.922049E+01
    19.4000   -8.135555E-03  9.627321E-03  7.954647E+01
    19.4500   -8.581439E-03  8.821770E-03  7.987666E+01
    19.5000   -7.848632E-03  7.888596E-03  8.021131E+01
    19.5500   -6.184320E-03  6.837412E-03  8.055124E+01
    19.6000   -4.007285E-03  5.680434E-03  8.089835E+01
    19.6500   -1.824360E-03  4.432638E-03  8.125723E+01
    19.7000   -1.250965E-04  3.113022E-03  8.164121E+01
    19.7500    7.235122E-04  1.753259E-03  8.210679E+01
    19.8000    5.593865E-04  5.594996E-04  8.327231E+01
    19.8500   -5.340482E-04  1.313889E-03  8.524158E+01
    19.9000   -2.239501E-03  2.722238E-03  8.578909E+01
    19.9500   -4.069165E-03  4.151023E-03  8.619487E+01
    20.0000   -5.467945E-03  5.551929E-03  8.656795E+01
