 name:     cobalt                                                 Feff 8.10
 formula:  Co
 sites:    Co1
 refer1:   Kittel, ISSP
 refer2:
 schoen:
 notes1:   metal, hexagonal close packed (hcp)
 Abs   Z=27 Rmt= 1.331 Rnm= 1.367 K  shell
 Pot 1 Z=27 Rmt= 1.340 Rnm= 1.378
 Gam_ch=1.436E+00 H-L exch
 Mu=-5.188E+00 kf=2.078E+00 Vint=-2.163E+01 Rs_int= 1.746
 Path   22      icalc       2
 -----------------------------------------------------------------------
   4  12.000   4.9965    2.6038   -5.18819 nleg, deg, reff, rnrmav(bohr), edge
        x         y         z   pot at#
      .0000     .0000     .0000  0  27 Co       absorbing atom
    -1.4491     .0000    2.0350  1  27 Co    
      .0000     .0000     .0000  0  27 Co    
      .7246    1.2550   -2.0350  1  27 Co    
    k   real[2*phc]   mag[feff]  phase[feff] red factor   lambda     real[p]@#
   .000  3.1181E+00  0.0000E+00 -2.8853E+00  1.007E+00  2.2050E+01  2.0780E+00
   .100  3.1177E+00  4.2387E-03 -3.8654E+00  1.007E+00  2.2074E+01  2.0803E+00
   .200  3.1167E+00  8.3584E-03 -4.8074E+00  1.007E+00  2.2145E+01  2.0872E+00
   .300  3.1149E+00  1.2251E-02 -5.7115E+00  1.007E+00  2.2255E+01  2.0986E+00
   .400  3.1124E+00  1.5830E-02 -6.5781E+00  1.007E+00  2.2394E+01  2.1146E+00
   .500  3.1090E+00  1.9031E-02 -7.4081E+00  1.008E+00  2.2547E+01  2.1349E+00
   .600  3.1047E+00  2.1817E-02 -8.2019E+00  1.008E+00  2.2695E+01  2.1595E+00
   .700  3.0995E+00  2.4170E-02 -8.9601E+00  1.008E+00  2.2817E+01  2.1882E+00
   .800  3.0932E+00  2.6090E-02 -9.6834E+00  1.009E+00  2.2893E+01  2.2209E+00
   .900  3.0857E+00  2.7584E-02 -1.0372E+01  1.010E+00  2.2899E+01  2.2575E+00
  1.000  3.0769E+00  2.8663E-02 -1.1026E+01  1.011E+00  2.2817E+01  2.2979E+00
  1.100  3.0666E+00  2.9342E-02 -1.1647E+01  1.012E+00  2.2633E+01  2.3419E+00
  1.200  3.0547E+00  2.9631E-02 -1.2233E+01  1.014E+00  2.2340E+01  2.3894E+00
  1.300  3.0409E+00  2.9540E-02 -1.2784E+01  1.016E+00  2.1937E+01  2.4403E+00
  1.400  3.0249E+00  2.9079E-02 -1.3301E+01  1.018E+00  2.1431E+01  2.4945E+00
  1.500  3.0067E+00  2.8261E-02 -1.3781E+01  1.021E+00  2.0839E+01  2.5520E+00
  1.600  2.9857E+00  2.7103E-02 -1.4224E+01  1.024E+00  2.0180E+01  2.6127E+00
  1.700  2.9619E+00  2.5635E-02 -1.4625E+01  1.027E+00  1.9478E+01  2.6765E+00
  1.800  2.9346E+00  2.3901E-02 -1.4983E+01  1.031E+00  1.8760E+01  2.7435E+00
  1.900  2.9037E+00  2.1967E-02 -1.5292E+01  1.036E+00  1.8052E+01  2.8138E+00
  2.000  2.8686E+00  1.9925E-02 -1.5546E+01  1.040E+00  1.7379E+01  2.8872E+00
  2.200  2.7839E+00  1.5998E-02 -1.5859E+01  1.049E+00  1.6232E+01  3.0443E+00
  2.400  2.6623E+00  1.2264E-02 -1.5779E+01  1.053E+00  1.5489E+01  3.2233E+00
  2.600  2.5291E+00  1.0524E-02 -1.5665E+01  1.172E+00  8.7842E+00  3.4088E+00
  2.800  2.5136E+00  1.0293E-02 -1.5766E+01  1.233E+00  6.9771E+00  3.5460E+00
  3.000  2.4977E+00  1.2595E-02 -1.5757E+01  1.258E+00  6.2547E+00  3.6802E+00
  3.200  2.4546E+00  1.9776E-02 -1.5830E+01  1.265E+00  5.9093E+00  3.8247E+00
  3.400  2.3970E+00  3.2204E-02 -1.6098E+01  1.257E+00  5.7571E+00  3.9750E+00
  3.600  2.3299E+00  4.8534E-02 -1.6433E+01  1.248E+00  5.7171E+00  4.1304E+00
  3.800  2.2549E+00  6.7250E-02 -1.6792E+01  1.231E+00  5.7502E+00  4.2905E+00
  4.000  2.1740E+00  8.7424E-02 -1.7141E+01  1.215E+00  5.8351E+00  4.4547E+00
  4.200  2.0897E+00  1.0719E-01 -1.7471E+01  1.197E+00  5.9588E+00  4.6226E+00
  4.400  2.0023E+00  1.2538E-01 -1.7778E+01  1.179E+00  6.1132E+00  4.7938E+00
  4.600  1.9127E+00  1.4159E-01 -1.8067E+01  1.163E+00  6.2924E+00  4.9678E+00
  4.800  1.8227E+00  1.5429E-01 -1.8332E+01  1.147E+00  6.4927E+00  5.1444E+00
  5.000  1.7321E+00  1.6410E-01 -1.8582E+01  1.132E+00  6.7111E+00  5.3233E+00
  5.200  1.6415E+00  1.7067E-01 -1.8816E+01  1.117E+00  6.9454E+00  5.5041E+00
  5.400  1.5511E+00  1.7365E-01 -1.9034E+01  1.104E+00  7.1939E+00  5.6867E+00
  5.600  1.4606E+00  1.7343E-01 -1.9241E+01  1.091E+00  7.4552E+00  5.8709E+00
  5.800  1.3707E+00  1.7003E-01 -1.9436E+01  1.078E+00  7.7284E+00  6.0564E+00
  6.000  1.2812E+00  1.6399E-01 -1.9622E+01  1.068E+00  8.0124E+00  6.2432E+00
  6.500  1.0604E+00  1.3863E-01 -2.0052E+01  1.043E+00  8.7656E+00  6.7148E+00
  7.000  8.4598E-01  1.0676E-01 -2.0453E+01  1.025E+00  9.5741E+00  7.1916E+00
  7.500  6.4023E-01  7.5922E-02 -2.0839E+01  1.010E+00  1.0432E+01  7.6724E+00
  8.000  4.4415E-01  4.9627E-02 -2.1224E+01  9.979E-01  1.1335E+01  8.1564E+00
  8.500  2.5766E-01  2.8758E-02 -2.1638E+01  9.867E-01  1.2280E+01  8.6428E+00
  9.000  7.7679E-02  1.3822E-02 -2.2176E+01  9.747E-01  1.3265E+01  9.1312E+00
  9.500 -9.8462E-02  5.6420E-03 -2.3237E+01  9.625E-01  1.4287E+01  9.6212E+00
 10.000 -2.6987E-01  6.2625E-03 -2.4719E+01  9.530E-01  1.5345E+01  1.0113E+01
 11.000 -5.9365E-01  1.0843E-02 -2.5850E+01  9.403E-01  1.7563E+01  1.1098E+01
 12.000 -8.9291E-01  1.1346E-02 -2.6573E+01  9.325E-01  1.9910E+01  1.2087E+01
 13.000 -1.1686E+00  1.0167E-02 -2.7217E+01  9.286E-01  2.2379E+01  1.3078E+01
 14.000 -1.4232E+00  8.4609E-03 -2.7829E+01  9.269E-01  2.4964E+01  1.4070E+01
 15.000 -1.6596E+00  6.7878E-03 -2.8405E+01  9.263E-01  2.7659E+01  1.5064E+01
 16.000 -1.8785E+00  5.3330E-03 -2.8961E+01  9.269E-01  3.0460E+01  1.6059E+01
 17.000 -2.0830E+00  4.0455E-03 -2.9475E+01  9.277E-01  3.3363E+01  1.7054E+01
 18.000 -2.2735E+00  3.1764E-03 -2.9884E+01  9.289E-01  3.6365E+01  1.8051E+01
 19.000 -2.4516E+00  3.0440E-03 -3.0230E+01  9.303E-01  3.9463E+01  1.9047E+01
 20.000 -2.6190E+00  3.8666E-03 -3.0767E+01  9.314E-01  4.2652E+01  2.0044E+01
