 name:     cobalt                                                 Feff 8.10
 formula:  Co
 sites:    Co1
 refer1:   Kittel, ISSP
 refer2:
 schoen:
 notes1:   metal, hexagonal close packed (hcp)
 Abs   Z=27 Rmt= 1.331 Rnm= 1.367 K  shell
 Pot 1 Z=27 Rmt= 1.340 Rnm= 1.378
 Gam_ch=1.436E+00 H-L exch
 Mu=-5.188E+00 kf=2.078E+00 Vint=-2.163E+01 Rs_int= 1.746
 Path   10      icalc       2
 -----------------------------------------------------------------------
   3  24.000   4.2748    2.6038   -5.18819 nleg, deg, reff, rnrmav(bohr), edge
        x         y         z   pot at#
      .0000     .0000     .0000  0  27 Co       absorbing atom
     2.8983     .0000    2.0350  1  27 Co    
     2.1737   -1.2550     .0000  1  27 Co    
    k   real[2*phc]   mag[feff]  phase[feff] red factor   lambda     real[p]@#
   .000  3.1181E+00  0.0000E+00 -2.4817E+00  1.007E+00  2.2050E+01  2.0780E+00
   .100  3.1177E+00  5.2708E-03 -3.3175E+00  1.007E+00  2.2074E+01  2.0803E+00
   .200  3.1167E+00  1.0370E-02 -4.1150E+00  1.007E+00  2.2145E+01  2.0872E+00
   .300  3.1149E+00  1.5144E-02 -4.8750E+00  1.007E+00  2.2255E+01  2.0986E+00
   .400  3.1124E+00  1.9475E-02 -5.5983E+00  1.007E+00  2.2394E+01  2.1146E+00
   .500  3.1090E+00  2.3283E-02 -6.2861E+00  1.008E+00  2.2547E+01  2.1349E+00
   .600  3.1047E+00  2.6530E-02 -6.9397E+00  1.008E+00  2.2695E+01  2.1595E+00
   .700  3.0995E+00  2.9214E-02 -7.5606E+00  1.008E+00  2.2817E+01  2.1882E+00
   .800  3.0932E+00  3.1356E-02 -8.1502E+00  1.009E+00  2.2893E+01  2.2209E+00
   .900  3.0857E+00  3.2996E-02 -8.7101E+00  1.010E+00  2.2899E+01  2.2575E+00
  1.000  3.0769E+00  3.4176E-02 -9.2416E+00  1.011E+00  2.2817E+01  2.2979E+00
  1.100  3.0666E+00  3.4940E-02 -9.7461E+00  1.012E+00  2.2633E+01  2.3419E+00
  1.200  3.0547E+00  3.5322E-02 -1.0225E+01  1.014E+00  2.2340E+01  2.3894E+00
  1.300  3.0409E+00  3.5352E-02 -1.0680E+01  1.016E+00  2.1937E+01  2.4403E+00
  1.400  3.0249E+00  3.5046E-02 -1.1112E+01  1.018E+00  2.1431E+01  2.4945E+00
  1.500  3.0067E+00  3.4410E-02 -1.1524E+01  1.021E+00  2.0839E+01  2.5520E+00
  1.600  2.9857E+00  3.3444E-02 -1.1916E+01  1.024E+00  2.0180E+01  2.6127E+00
  1.700  2.9619E+00  3.2137E-02 -1.2292E+01  1.027E+00  1.9478E+01  2.6765E+00
  1.800  2.9346E+00  3.0478E-02 -1.2654E+01  1.031E+00  1.8760E+01  2.7435E+00
  1.900  2.9037E+00  2.8464E-02 -1.3008E+01  1.036E+00  1.8052E+01  2.8138E+00
  2.000  2.8686E+00  2.6117E-02 -1.3361E+01  1.040E+00  1.7379E+01  2.8872E+00
  2.200  2.7839E+00  2.0884E-02 -1.4119E+01  1.049E+00  1.6232E+01  3.0443E+00
  2.400  2.6623E+00  1.9162E-02 -1.5125E+01  1.053E+00  1.5489E+01  3.2233E+00
  2.600  2.5291E+00  3.1210E-02 -1.5769E+01  1.172E+00  8.7842E+00  3.4088E+00
  2.800  2.5136E+00  4.2226E-02 -1.6555E+01  1.233E+00  6.9771E+00  3.5460E+00
  3.000  2.4977E+00  5.6048E-02 -1.7306E+01  1.258E+00  6.2547E+00  3.6802E+00
  3.200  2.4546E+00  7.2657E-02 -1.7919E+01  1.265E+00  5.9093E+00  3.8247E+00
  3.400  2.3970E+00  8.9371E-02 -1.8454E+01  1.257E+00  5.7571E+00  3.9750E+00
  3.600  2.3299E+00  1.0672E-01 -1.8909E+01  1.248E+00  5.7171E+00  4.1304E+00
  3.800  2.2549E+00  1.2099E-01 -1.9310E+01  1.231E+00  5.7502E+00  4.2905E+00
  4.000  2.1740E+00  1.3296E-01 -1.9665E+01  1.215E+00  5.8351E+00  4.4547E+00
  4.200  2.0897E+00  1.4073E-01 -1.9985E+01  1.197E+00  5.9588E+00  4.6226E+00
  4.400  2.0023E+00  1.4446E-01 -2.0276E+01  1.179E+00  6.1132E+00  4.7938E+00
  4.600  1.9127E+00  1.4500E-01 -2.0546E+01  1.163E+00  6.2924E+00  4.9678E+00
  4.800  1.8227E+00  1.4153E-01 -2.0795E+01  1.147E+00  6.4927E+00  5.1444E+00
  5.000  1.7321E+00  1.3575E-01 -2.1030E+01  1.132E+00  6.7111E+00  5.3233E+00
  5.200  1.6415E+00  1.2789E-01 -2.1253E+01  1.117E+00  6.9454E+00  5.5041E+00
  5.400  1.5511E+00  1.1810E-01 -2.1464E+01  1.104E+00  7.1939E+00  5.6867E+00
  5.600  1.4606E+00  1.0739E-01 -2.1669E+01  1.091E+00  7.4552E+00  5.8709E+00
  5.800  1.3707E+00  9.6009E-02 -2.1869E+01  1.078E+00  7.7284E+00  6.0564E+00
  6.000  1.2812E+00  8.4664E-02 -2.2063E+01  1.068E+00  8.0124E+00  6.2432E+00
  6.500  1.0604E+00  5.8048E-02 -2.2555E+01  1.043E+00  8.7656E+00  6.7148E+00
  7.000  8.4598E-01  3.7486E-02 -2.3073E+01  1.025E+00  9.5741E+00  7.1916E+00
  7.500  6.4023E-01  2.4185E-02 -2.3635E+01  1.010E+00  1.0432E+01  7.6724E+00
  8.000  4.4415E-01  1.7183E-02 -2.4198E+01  9.979E-01  1.1335E+01  8.1564E+00
  8.500  2.5766E-01  1.4071E-02 -2.4650E+01  9.867E-01  1.2280E+01  8.6428E+00
  9.000  7.7679E-02  1.2945E-02 -2.4952E+01  9.747E-01  1.3265E+01  9.1312E+00
  9.500 -9.8462E-02  1.2808E-02 -2.5165E+01  9.625E-01  1.4287E+01  9.6212E+00
 10.000 -2.6987E-01  1.3013E-02 -2.5355E+01  9.530E-01  1.5345E+01  1.0113E+01
 11.000 -5.9365E-01  1.2762E-02 -2.5744E+01  9.403E-01  1.7563E+01  1.1098E+01
 12.000 -8.9291E-01  1.0776E-02 -2.6075E+01  9.325E-01  1.9910E+01  1.2087E+01
 13.000 -1.1686E+00  8.8371E-03 -2.6272E+01  9.286E-01  2.2379E+01  1.3078E+01
 14.000 -1.4232E+00  7.9677E-03 -2.6428E+01  9.269E-01  2.4964E+01  1.4070E+01
 15.000 -1.6596E+00  7.4640E-03 -2.6657E+01  9.263E-01  2.7659E+01  1.5064E+01
 16.000 -1.8785E+00  6.7636E-03 -2.6935E+01  9.269E-01  3.0460E+01  1.6059E+01
 17.000 -2.0830E+00  5.8162E-03 -2.7206E+01  9.277E-01  3.3363E+01  1.7054E+01
 18.000 -2.2735E+00  5.0357E-03 -2.7431E+01  9.289E-01  3.6365E+01  1.8051E+01
 19.000 -2.4516E+00  4.5755E-03 -2.7661E+01  9.303E-01  3.9463E+01  1.9047E+01
 20.000 -2.6190E+00  4.1820E-03 -2.7948E+01  9.314E-01  4.2652E+01  2.0044E+01
