 name:     cobalt                                                 Feff 8.10
 formula:  Co
 sites:    Co1
 refer1:   Kittel, ISSP
 refer2:
 schoen:
 notes1:   metal, hexagonal close packed (hcp)
 Abs   Z=27 Rmt= 1.331 Rnm= 1.367 K  shell
 Pot 1 Z=27 Rmt= 1.340 Rnm= 1.378
 Gam_ch=1.436E+00 H-L exch
 Mu=-5.188E+00 kf=2.078E+00 Vint=-2.163E+01 Rs_int= 1.746
 S02   .949                                        Global sig2   .00000
 Curved wave amplitude ratio filter   4.000%
    file         sig2 tot  cw amp ratio   deg  nlegs   reff  inp sig2
          1        .00000    100.00      6.00     2   2.4982
          2        .00000     99.00      6.00     2   2.5100
          3        .00000     45.39      6.00     2   3.5413
          4        .00000      5.38     12.00     3   3.7532
          5        .00000     11.00     24.00     3   3.7533
          6        .00000      5.40     12.00     3   3.7650
          7        .00000     10.75      2.00     2   4.0700
          8        .00000      6.88     24.00     3   4.2748
          9        .00000     10.19     24.00     3   4.2748
         10        .00000     10.20     24.00     3   4.2748
         11        .00000     54.80     12.00     2   4.3407
         12        .00000     27.29      6.00     2   4.3474
         13        .00000      5.57     12.00     3   4.5332
         14        .00000     10.89     24.00     3   4.6745
         15        .00000     12.38     24.00     3   4.6744
         16        .00000     12.38     24.00     3   4.6745
         17        .00000      5.37     12.00     3   4.6837
         18        .00000     12.19     24.00     3   4.6837
         19        .00000     42.63     12.00     2   4.7817
         20        .00000     11.42     12.00     3   4.8891
         21        .00000     23.70     24.00     3   4.8891
         23        .00000      4.06      6.00     4   4.9965
         27        .00000     18.74      6.00     2   5.0200
         28        .00000      8.46      6.00     3   5.0200
         29        .00000     50.36     12.00     3   5.0200
         30        .00000     10.42      6.00     4   5.0200
         32        .00000     41.28      6.00     4   5.0200
         33        .00000      4.84     24.00     3   5.1960
         34        .00000      5.11     24.00     3   5.1960
         35        .00000      5.58     24.00     3   5.4107
   30/  34 paths used
 xsedge+50, used to normalize mu           2.9288E-04
 -----------------------------------------------------------------------
  e, e(wrt edge), k, mu=(1+chi)*mu0, mu0, chi @#
    7715.342     -5.188    .000  8.02287E-02  4.05633E-01 -4.19864E-01
    7715.352     -5.179    .050  8.71027E-02  4.12396E-01 -4.19452E-01
    7715.380     -5.150    .100  9.39960E-02  4.19160E-01 -4.19016E-01
    7715.428     -5.102    .150  1.14313E-01  4.39016E-01 -4.17613E-01
    7715.495     -5.036    .200  1.34801E-01  4.58872E-01 -4.15996E-01
    7715.580     -4.950    .250  1.66513E-01  4.89228E-01 -4.12962E-01
    7715.685     -4.845    .300  1.98682E-01  5.19583E-01 -4.09363E-01
    7715.809     -4.721    .350  2.35613E-01  5.53418E-01 -4.03679E-01
    7715.952     -4.579    .400  2.73389E-01  5.87252E-01 -3.96978E-01
    7716.114     -4.417    .450  3.09411E-01  6.17349E-01 -3.87426E-01
    7716.295     -4.236    .500  3.46695E-01  6.47446E-01 -3.76395E-01
    7716.495     -4.036    .550  3.80458E-01  6.71338E-01 -3.61798E-01
    7716.714     -3.817    .600  4.15839E-01  6.95229E-01 -3.45381E-01
    7716.952     -3.578    .650  4.49216E-01  7.13860E-01 -3.24909E-01
    7717.209     -3.321    .700  4.84379E-01  7.32491E-01 -3.02539E-01
    7717.485     -3.045    .750  5.19467E-01  7.47516E-01 -2.76012E-01
    7717.781     -2.750    .800  5.56203E-01  7.62540E-01 -2.47895E-01
    7718.095     -2.435    .850  5.94026E-01  7.75233E-01 -2.16016E-01
    7718.428     -2.102    .900  6.32964E-01  7.87926E-01 -1.83308E-01
    7718.781     -1.750    .950  6.73130E-01  7.99037E-01 -1.47754E-01
    7719.152     -1.378   1.000  7.13480E-01  8.10148E-01 -1.12546E-01
    7719.543      -.988   1.050  7.54502E-01  8.20165E-01 -7.58384E-02
    7719.952      -.578   1.100  7.94476E-01  8.30181E-01 -4.09130E-02
    7720.381      -.149   1.150  8.34002E-01  8.39329E-01 -6.05632E-03
    7720.829       .298   1.200  8.71153E-01  8.48478E-01  2.55793E-02
    7721.295       .765   1.250  9.06602E-01  8.56904E-01  5.56408E-02
    7721.781      1.251   1.300  9.38527E-01  8.65330E-01  8.13365E-02
    7722.286      1.756   1.350  9.67607E-01  8.73064E-01  1.04310E-01
    7722.810      2.279   1.400  9.92452E-01  8.80797E-01  1.22321E-01
    7723.353      2.822   1.450  1.01376E+00  8.87849E-01  1.37035E-01
    7723.915      3.384   1.500  1.03072E+00  8.94900E-01  1.46858E-01
    7724.496      3.965   1.550  1.04402E+00  9.01264E-01  1.53437E-01
    7725.096      4.565   1.600  1.05345E+00  9.07627E-01  1.55807E-01
    7725.715      5.184   1.650  1.05955E+00  9.13272E-01  1.55478E-01
    7726.353      5.823   1.700  1.06267E+00  9.18917E-01  1.52004E-01
    7727.010      6.480   1.750  1.06305E+00  9.23817E-01  1.46572E-01
    7727.687      7.156   1.800  1.06146E+00  9.28716E-01  1.39121E-01
    7728.382      7.851   1.850  1.05764E+00  9.32865E-01  1.30302E-01
    7729.096      8.566   1.900  1.05267E+00  9.37013E-01  1.20343E-01
    7729.830      9.299   1.950  1.04563E+00  9.40399E-01  1.09186E-01
    7730.582     10.052   2.000  1.03787E+00  9.43784E-01  9.73459E-02
    7731.354     10.823   2.050  1.02664E+00  9.46004E-01  8.32974E-02
    7732.144     11.614   2.100  1.01463E+00  9.48224E-01  6.84988E-02
    7732.954     12.423   2.150  1.00201E+00  9.50444E-01  5.31064E-02
    7733.783     13.252   2.200  9.88799E-01  9.52664E-01  3.71545E-02
    7734.630     14.100   2.250  9.68218E-01  9.52784E-01  1.58862E-02
    7735.497     14.967   2.300  9.48007E-01  9.52905E-01 -5.04671E-03
    7736.383     15.852   2.350  9.28881E-01  9.53025E-01 -2.49022E-02
    7737.288     16.757   2.400  9.11660E-01  9.53145E-01 -4.28335E-02
    7738.212     17.681   2.450  9.00737E-01  9.57986E-01 -5.90322E-02
    7739.155     18.624   2.500  8.93674E-01  9.62828E-01 -7.12140E-02
    7740.117     19.586   2.550  8.91910E-01  9.67669E-01 -7.79147E-02
    7741.098     20.567   2.600  8.96487E-01  9.72510E-01 -7.80835E-02
    7742.098     21.567   2.650  9.00599E-01  9.75132E-01 -7.64004E-02
    7743.117     22.587   2.700  9.10875E-01  9.77754E-01 -6.84183E-02
    7744.155     23.625   2.750  9.27031E-01  9.80376E-01 -5.44645E-02
    7745.213     24.682   2.800  9.48213E-01  9.82999E-01 -3.54456E-02
    7746.289     25.758   2.850  9.69873E-01  9.84385E-01 -1.47646E-02
    7747.384     26.854   2.900  9.94788E-01  9.85771E-01  9.15917E-03
    7748.499     27.968   2.950  1.02097E+00  9.87158E-01  3.42978E-02
    7749.632     29.102   3.000  1.04632E+00  9.88544E-01  5.85073E-02
    7750.785     30.254   3.050  1.06900E+00  9.89547E-01  8.03521E-02
    7751.956     31.426   3.100  1.08809E+00  9.90550E-01  9.84986E-02
    7753.147     32.616   3.150  1.10174E+00  9.91552E-01  1.11124E-01
    7754.357     33.826   3.200  1.10864E+00  9.92555E-01  1.16907E-01
    7755.585     35.055   3.250  1.10887E+00  9.92693E-01  1.16877E-01
    7756.833     36.303   3.300  1.10162E+00  9.92830E-01  1.09329E-01
    7758.100     37.569   3.350  1.08727E+00  9.92968E-01  9.46683E-02
    7759.386     38.855   3.400  1.06689E+00  9.93105E-01  7.39921E-02
    7760.691     40.160   3.450  1.04210E+00  9.93337E-01  4.88714E-02
    7762.015     41.484   3.500  1.01412E+00  9.93568E-01  2.05811E-02
    7763.358     42.827   3.550  9.85105E-01  9.93800E-01 -8.70290E-03
    7764.720     44.189   3.600  9.57077E-01  9.94031E-01 -3.69659E-02
    7766.101     45.570   3.650  9.30504E-01  9.93831E-01 -6.33016E-02
    7767.501     46.970   3.700  9.08331E-01  9.93630E-01 -8.52065E-02
    7768.920     48.390   3.750  8.91486E-01  9.93429E-01 -1.01762E-01
    7770.359     49.828   3.800  8.80175E-01  9.93228E-01 -1.12775E-01
    7771.816     51.285   3.850  8.74626E-01  9.93373E-01 -1.18392E-01
    7773.292     52.762   3.900  8.74444E-01  9.93519E-01 -1.18656E-01
    7774.788     54.257   3.950  8.78548E-01  9.93664E-01 -1.14649E-01
    7776.302     55.772   4.000  8.85732E-01  9.93810E-01 -1.07581E-01
    7777.836     57.305   4.050  8.96077E-01  9.93825E-01 -9.72449E-02
    7779.388     58.858   4.100  9.07612E-01  9.93841E-01 -8.57350E-02
    7780.960     60.429   4.150  9.19553E-01  9.93856E-01 -7.38359E-02
    7782.550     62.020   4.200  9.31540E-01  9.93872E-01 -6.19046E-02
    7784.160     63.630   4.250  9.44409E-01  9.94092E-01 -4.93153E-02
    7785.789     65.258   4.300  9.57359E-01  9.94311E-01 -3.66596E-02
    7787.437     66.906   4.350  9.70937E-01  9.94531E-01 -2.33951E-02
    7789.104     68.573   4.400  9.85799E-01  9.94750E-01 -8.87138E-03
    7790.790     70.259   4.450  1.00245E+00  9.95030E-01  7.35383E-03
    7792.495     71.964   4.500  1.02111E+00  9.95310E-01  2.55482E-02
    7794.219     73.688   4.550  1.04181E+00  9.95590E-01  4.57440E-02
    7795.962     75.431   4.600  1.06411E+00  9.95870E-01  6.75014E-02
    7797.724     77.193   4.650  1.08666E+00  9.96006E-01  8.96486E-02
    7799.505     78.974   4.700  1.10842E+00  9.96142E-01  1.10991E-01
    7801.305     80.775   4.750  1.12766E+00  9.96278E-01  1.29841E-01
    7803.124     82.594   4.800  1.14252E+00  9.96414E-01  1.44347E-01
    7804.963     84.432   4.850  1.15095E+00  9.96536E-01  1.52536E-01
    7806.820     86.290   4.900  1.15163E+00  9.96657E-01  1.53064E-01
    7808.696     88.166   4.950  1.14359E+00  9.96778E-01  1.44975E-01
    7810.592     90.061   5.000  1.12659E+00  9.96899E-01  1.28047E-01
    7812.506     91.976   5.050  1.10071E+00  9.96870E-01  1.02526E-01
    7814.440     93.910   5.100  1.06795E+00  9.96840E-01  7.02049E-02
    7816.393     95.862   5.150  1.03055E+00  9.96811E-01  3.33081E-02
    7818.364     97.834   5.200  9.91283E-01  9.96781E-01 -5.42805E-03
    7820.355     99.825   5.250  9.52678E-01  9.96559E-01 -4.33337E-02
    7822.365    101.834   5.300  9.18232E-01  9.96337E-01 -7.71526E-02
    7824.394    103.863   5.350  8.90300E-01  9.96114E-01 -1.04553E-01
    7826.441    105.911   5.400  8.70412E-01  9.95892E-01 -1.24019E-01
    7828.508    107.978   5.450  8.59151E-01  9.95486E-01 -1.34810E-01
    7830.594    110.064   5.500  8.56108E-01  9.95080E-01 -1.37481E-01
    7832.699    112.169   5.550  8.59834E-01  9.94674E-01 -1.33456E-01
    7834.823    114.293   5.600  8.68291E-01  9.94268E-01 -1.24741E-01
    7836.967    116.436   5.650  8.79390E-01  9.93661E-01 -1.13220E-01
    7839.129    118.598   5.700  8.90941E-01  9.93055E-01 -1.01238E-01
    7841.310    120.779   5.750  9.01592E-01  9.92448E-01 -9.01326E-02
    7843.510    122.980   5.800  9.10938E-01  9.91842E-01 -8.03087E-02
    7845.730    125.199   5.850  9.19525E-01  9.91104E-01 -7.11123E-02
    7847.968    127.437   5.900  9.28874E-01  9.90366E-01 -6.11428E-02
    7850.225    129.695   5.950  9.41082E-01  9.89628E-01 -4.83116E-02
    7852.502    131.971   6.000  9.58276E-01  9.88890E-01 -3.04921E-02
    7854.797    134.267   6.050  9.81969E-01  9.87984E-01 -5.99703E-03
    7857.112    136.581   6.100  1.01277E+00  9.87078E-01  2.56439E-02
    7859.445    138.915   6.150  1.04969E+00  9.86173E-01  6.34666E-02
    7861.798    141.268   6.200  1.09014E+00  9.85267E-01  1.04900E-01
    7864.170    143.639   6.250  1.13014E+00  9.84361E-01  1.45961E-01
    7866.561    146.030   6.300  1.16478E+00  9.83456E-01  1.81746E-01
    7868.970    148.440   6.350  1.18901E+00  9.82550E-01  2.07153E-01
    7871.399    150.869   6.400  1.19840E+00  9.81644E-01  2.17713E-01
    7873.847    153.317   6.450  1.18999E+00  9.80739E-01  2.10399E-01
    7876.314    155.784   6.500  1.16289E+00  9.79833E-01  1.84261E-01
    7878.800    158.270   6.550  1.11799E+00  9.78880E-01  1.40189E-01
    7881.305    160.775   6.600  1.05982E+00  9.77927E-01  8.26292E-02
    7883.829    163.299   6.650  9.94387E-01  9.76974E-01  1.75905E-02
    7886.373    165.842   6.700  9.28800E-01  9.76021E-01 -4.77588E-02
    7888.935    168.404   6.750  8.70264E-01  9.75068E-01 -1.06125E-01
    7891.516    170.985   6.800  8.25009E-01  9.74115E-01 -1.51167E-01
    7894.116    173.586   6.850  7.97368E-01  9.73162E-01 -1.78438E-01
    7896.736    176.205   6.900  7.89151E-01  9.72209E-01 -1.86035E-01
    7899.374    178.844   6.950  7.99427E-01  9.71256E-01 -1.74834E-01
    7902.032    181.501   7.000  8.24745E-01  9.70303E-01 -1.48281E-01
    7904.708    184.178   7.050  8.60021E-01  9.69421E-01 -1.11586E-01
    7907.404    186.873   7.100  8.98625E-01  9.68538E-01 -7.13996E-02
    7910.118    189.588   7.150  9.34307E-01  9.67655E-01 -3.40997E-02
    7912.852    192.321   7.200  9.62009E-01  9.66772E-01 -4.87707E-03
    7915.605    195.074   7.250  9.78644E-01  9.65889E-01  1.30751E-02
    7918.376    197.846   7.300  9.83514E-01  9.65007E-01  1.89961E-02
    7921.167    200.637   7.350  9.78276E-01  9.64124E-01  1.45446E-02
    7923.977    203.447   7.400  9.66499E-01  9.63241E-01  3.35213E-03
    7926.806    206.275   7.450  9.52880E-01  9.62358E-01 -9.76555E-03
    7929.654    209.123   7.500  9.42293E-01  9.61475E-01 -1.97885E-02
    7932.521    211.990   7.550  9.38981E-01  9.60555E-01 -2.22861E-02
    7935.407    214.876   7.600  9.45358E-01  9.59634E-01 -1.47671E-02
    7938.312    217.782   7.650  9.61820E-01  9.58713E-01  3.21897E-03
    7941.236    220.706   7.700  9.86613E-01  9.57792E-01  2.98966E-02
    7944.180    223.649   7.750  1.01617E+00  9.56871E-01  6.15984E-02
    7947.142    226.611   7.800  1.04578E+00  9.55950E-01  9.34418E-02
    7950.123    229.593   7.850  1.07044E+00  9.55030E-01  1.20214E-01
    7953.123    232.593   7.900  1.08574E+00  9.54109E-01  1.37299E-01
    7956.143    235.612   7.950  1.08863E+00  9.53188E-01  1.41474E-01
    7959.181    238.651   8.000  1.07793E+00  9.52267E-01  1.31445E-01
    7962.239    241.708   8.050  1.05425E+00  9.51282E-01  1.07852E-01
    7965.315    244.785   8.100  1.02049E+00  9.50296E-01  7.36218E-02
    7968.411    247.880   8.150  9.80659E-01  9.49311E-01  3.29264E-02
    7971.526    250.995   8.200  9.39405E-01  9.48325E-01 -9.38213E-03
    7974.659    254.129   8.250  9.01237E-01  9.47340E-01 -4.85593E-02
    7977.812    257.282   8.300  8.69856E-01  9.46355E-01 -8.06863E-02
    7980.984    260.453   8.350  8.47666E-01  9.45369E-01 -1.03195E-01
    7984.175    263.644   8.400  8.35547E-01  9.44384E-01 -1.15115E-01
    7987.385    266.854   8.450  8.32928E-01  9.43398E-01 -1.17008E-01
    7990.614    270.083   8.500  8.38108E-01  9.42413E-01 -1.10631E-01
    7993.862    273.331   8.550  8.48615E-01  9.41363E-01 -9.84957E-02
    7997.129    276.598   8.600  8.62144E-01  9.40314E-01 -8.31169E-02
    8000.415    279.884   8.650  8.76634E-01  9.39265E-01 -6.66769E-02
    8003.720    283.190   8.700  8.90687E-01  9.38215E-01 -5.06611E-02
    8007.044    286.514   8.750  9.03680E-01  9.37166E-01 -3.57378E-02
    8010.388    289.857   8.800  9.15671E-01  9.36117E-01 -2.18480E-02
    8013.750    293.219   8.850  9.27162E-01  9.35067E-01 -8.45796E-03
    8017.131    296.601   8.900  9.38777E-01  9.34018E-01  5.09871E-03
    8020.532    300.001   8.950  9.50945E-01  9.32968E-01  1.92816E-02
    8023.951    303.421   9.000  9.63661E-01  9.31919E-01  3.40888E-02
    8027.390    306.859   9.050  9.76571E-01  9.30857E-01  4.91432E-02
    8030.847    310.317   9.100  9.88496E-01  9.29796E-01  6.31690E-02
    8034.324    313.793   9.150  9.98062E-01  9.28734E-01  7.46825E-02
    8037.819    317.289   9.200  1.00389E+00  9.27672E-01  8.21886E-02
    8041.334    320.804   9.250  1.00490E+00  9.26611E-01  8.45120E-02
    8044.868    324.337   9.300  1.00057E+00  9.25549E-01  8.10686E-02
    8048.421    327.890   9.350  9.91065E-01  9.24487E-01  7.20169E-02
    8051.993    331.462   9.400  9.77226E-01  9.23426E-01  5.82561E-02
    8055.583    335.053   9.450  9.60440E-01  9.22364E-01  4.12720E-02
    8059.193    338.663   9.500  9.42380E-01  9.21303E-01  2.28706E-02
    8062.822    342.292   9.550  9.24691E-01  9.20284E-01  4.78655E-03
    8066.470    345.940   9.600  9.08806E-01  9.19265E-01 -1.13699E-02
    8070.138    349.607   9.650  8.95632E-01  9.18246E-01 -2.46075E-02
    8073.824    353.293   9.700  8.85473E-01  9.17227E-01 -3.45854E-02
    8077.529    356.998   9.750  8.78090E-01  9.16208E-01 -4.15565E-02
    8081.253    360.723   9.800  8.72870E-01  9.15189E-01 -4.61807E-02
    8084.997    364.466   9.850  8.69073E-01  9.14170E-01 -4.92587E-02
    8088.759    368.228   9.900  8.66088E-01  9.13151E-01 -5.14556E-02
    8092.540    372.010   9.950  8.63627E-01  9.12132E-01 -5.30826E-02
    8096.341    375.810  10.000  8.61824E-01  9.11113E-01 -5.39920E-02
    8100.160    379.630  10.050  8.61207E-01  9.10273E-01 -5.38073E-02
    8103.999    383.468  10.100  8.62463E-01  9.09433E-01 -5.15655E-02
    8107.856    387.326  10.150  8.66447E-01  9.08594E-01 -4.63202E-02
    8111.733    391.203  10.200  8.73779E-01  9.07754E-01 -3.73799E-02
    8115.629    395.098  10.250  8.84588E-01  9.06914E-01 -2.45910E-02
    8119.544    399.013  10.300  8.98351E-01  9.06074E-01 -8.51569E-03
    8123.477    402.947  10.350  9.13883E-01  9.05234E-01  9.54714E-03
    8127.430    406.900  10.400  9.29473E-01  9.04394E-01  2.77148E-02
    8131.402    410.872  10.450  9.43166E-01  9.03554E-01  4.38235E-02
    8135.393    414.863  10.500  9.53115E-01  9.02714E-01  5.58220E-02
    8139.403    418.873  10.550  9.57946E-01  9.01874E-01  6.21716E-02
    8143.432    422.902  10.600  9.57039E-01  9.01035E-01  6.21672E-02
    8147.480    426.950  10.650  9.50681E-01  9.00195E-01  5.61035E-02
    8151.547    431.017  10.700  9.40025E-01  8.99355E-01  4.52457E-02
    8155.634    435.103  10.750  9.26890E-01  8.98515E-01  3.16029E-02
    8159.739    439.208  10.800  9.13413E-01  8.97675E-01  1.75480E-02
    8163.863    443.333  10.850  9.01634E-01  8.96835E-01  5.35713E-03
    8168.007    447.476  10.900  8.93102E-01  8.95995E-01 -3.23319E-03
    8172.169    451.638  10.950  8.88575E-01  8.95155E-01 -7.36124E-03
    8176.350    455.820  11.000  8.87892E-01  8.94315E-01 -7.19455E-03
    8180.551    460.020  11.050  8.89772E-01  8.93286E-01 -3.94055E-03
    8184.770    464.240  11.100  8.92877E-01  8.92256E-01  6.96776E-04
    8189.009    468.479  11.150  8.95284E-01  8.91227E-01  4.56245E-03
    8193.267    472.736  11.200  8.95204E-01  8.90197E-01  5.63796E-03
    8197.543    477.013  11.250  8.91388E-01  8.89168E-01  2.50324E-03
    8201.839    481.309  11.300  8.83429E-01  8.88138E-01 -5.31688E-03
    8206.154    485.623  11.350  8.71898E-01  8.87108E-01 -1.71960E-02
    8210.488    489.957  11.400  8.58276E-01  8.86079E-01 -3.14755E-02
    8214.841    494.310  11.450  8.44693E-01  8.85049E-01 -4.57493E-02
    8219.213    498.682  11.500  8.33534E-01  8.84020E-01 -5.73103E-02
    8223.604    503.073  11.550  8.26977E-01  8.82990E-01 -6.36708E-02
    8228.014    507.483  11.600  8.26565E-01  8.81961E-01 -6.30544E-02
    8232.443    511.912  11.650  8.32886E-01  8.80931E-01 -5.47623E-02
    8236.891    516.361  11.700  8.45433E-01  8.79901E-01 -3.93412E-02
    8241.358    520.828  11.750  8.62666E-01  8.78872E-01 -1.85219E-02
    8245.845    525.314  11.800  8.82265E-01  8.77842E-01  5.06166E-03
    8250.350    529.819  11.850  9.01519E-01  8.76813E-01  2.83146E-02
    8254.874    534.344  11.900  9.17786E-01  8.75783E-01  4.82021E-02
    8259.418    538.887  11.950  9.28922E-01  8.74754E-01  6.22495E-02
    8263.980    543.450  12.000  9.33623E-01  8.73724E-01  6.89290E-02
    8268.562    548.031  12.050  9.31491E-01  8.72377E-01  6.81228E-02
    8273.162    552.632  12.100  9.23233E-01  8.71031E-01  6.02439E-02
    8277.782    557.251  12.150  9.10328E-01  8.69684E-01  4.69718E-02
    8282.420    561.890  12.200  8.94794E-01  8.68337E-01  3.06193E-02
    8287.078    566.548  12.250  8.78811E-01  8.66990E-01  1.37000E-02
    8291.755    571.224  12.300  8.64345E-01  8.65644E-01 -1.50784E-03
    8296.451    575.920  12.350  8.52839E-01  8.64297E-01 -1.33180E-02
    8301.166    580.635  12.400  8.45033E-01  8.62950E-01 -2.08559E-02
    8305.899    585.369  12.450  8.40923E-01  8.61604E-01 -2.41078E-02
    8310.652    590.122  12.500  8.39864E-01  8.60257E-01 -2.38068E-02
    8315.424    594.894  12.550  8.40785E-01  8.58910E-01 -2.11895E-02
    8320.215    599.685  12.600  8.42459E-01  8.57563E-01 -1.76833E-02
    8325.026    604.495  12.650  8.43773E-01  8.56217E-01 -1.45902E-02
    8329.855    609.324  12.700  8.43942E-01  8.54870E-01 -1.28312E-02
    8334.703    614.172  12.750  8.42642E-01  8.53523E-01 -1.27947E-02
    8339.570    619.040  12.800  8.40023E-01  8.52177E-01 -1.43119E-02
    8344.456    623.926  12.850  8.36627E-01  8.50830E-01 -1.67501E-02
    8349.362    628.831  12.900  8.33229E-01  8.49483E-01 -1.91963E-02
    8354.286    633.756  12.950  8.30649E-01  8.48136E-01 -2.06839E-02
    8359.230    638.699  13.000  8.29556E-01  8.46790E-01 -2.04139E-02
    8364.192    643.662  13.050  8.30678E-01  8.45795E-01 -1.79346E-02
    8369.174    648.643  13.100  8.33729E-01  8.44801E-01 -1.31565E-02
    8374.174    653.644  13.150  8.38376E-01  8.43807E-01 -6.46388E-03
    8379.194    658.663  13.200  8.44000E-01  8.42813E-01  1.41578E-03
    8384.233    663.702  13.250  8.49825E-01  8.41818E-01  9.55846E-03
    8389.290    668.760  13.300  8.55055E-01  8.40824E-01  1.70157E-02
    8394.367    673.837  13.350  8.59015E-01  8.39830E-01  2.29760E-02
    8399.463    678.933  13.400  8.61248E-01  8.38836E-01  2.68844E-02
    8404.578    684.047  13.450  8.61565E-01  8.37841E-01  2.85024E-02
    8409.712    689.181  13.500  8.60035E-01  8.36847E-01  2.79033E-02
    8414.865    694.334  13.550  8.56938E-01  8.35853E-01  2.54131E-02
    8420.037    699.506  13.600  8.52682E-01  8.34859E-01  2.15156E-02
    8425.228    704.698  13.650  8.47716E-01  8.33864E-01  1.67478E-02
    8430.438    709.908  13.700  8.42454E-01  8.32870E-01  1.16070E-02
    8435.667    715.137  13.750  8.37224E-01  8.31876E-01  6.48719E-03
    8440.916    720.385  13.800  8.32241E-01  8.30882E-01  1.65224E-03
    8446.183    725.652  13.850  8.27623E-01  8.29887E-01 -2.75528E-03
    8451.469    730.939  13.900  8.23412E-01  8.28893E-01 -6.68050E-03
    8456.775    736.244  13.950  8.19616E-01  8.27899E-01 -1.01114E-02
    8462.099    741.569  14.000  8.16242E-01  8.26904E-01 -1.30375E-02
    8467.443    746.912  14.050  8.13302E-01  8.25962E-01 -1.55072E-02
    8472.805    752.275  14.100  8.10853E-01  8.25020E-01 -1.73831E-02
    8478.187    757.656  14.150  8.08978E-01  8.24078E-01 -1.85592E-02
    8483.588    763.057  14.200  8.07759E-01  8.23136E-01 -1.89326E-02
    8489.007    768.477  14.250  8.07245E-01  8.22194E-01 -1.84370E-02
    8494.446    773.915  14.300  8.07436E-01  8.21252E-01 -1.70687E-02
    8499.904    779.373  14.350  8.08271E-01  8.20310E-01 -1.48989E-02
    8505.381    784.850  14.400  8.09635E-01  8.19368E-01 -1.20659E-02
    8510.877    790.346  14.450  8.11378E-01  8.18426E-01 -8.75279E-03
    8516.392    795.861  14.500  8.13341E-01  8.17484E-01 -5.15455E-03
    8521.926    801.395  14.550  8.15382E-01  8.16542E-01 -1.44601E-03
    8527.479    806.948  14.600  8.17395E-01  8.15600E-01  2.24035E-03
    8533.051    812.520  14.650  8.19312E-01  8.14658E-01  5.81986E-03
    8538.642    818.111  14.700  8.21095E-01  8.13716E-01  9.24257E-03
    8544.252    823.721  14.750  8.22708E-01  8.12774E-01  1.24655E-02
    8549.881    829.351  14.800  8.24098E-01  8.11832E-01  1.54188E-02
    8555.530    834.999  14.850  8.25166E-01  8.10890E-01  1.79762E-02
    8561.197    840.666  14.900  8.25757E-01  8.09948E-01  1.99425E-02
    8566.883    846.353  14.950  8.25674E-01  8.09006E-01  2.10627E-02
    8572.589    852.058  15.000  8.24699E-01  8.08064E-01  2.10578E-02
    8578.313    857.783  15.050  8.22271E-01  8.06722E-01  1.97187E-02
    8584.057    863.526  15.100  8.18638E-01  8.05380E-01  1.68431E-02
    8589.819    869.289  15.150  8.13801E-01  8.04038E-01  1.24245E-02
    8595.601    875.071  15.200  8.07915E-01  8.02696E-01  6.65363E-03
    8601.402    880.871  15.250  8.01301E-01  8.01354E-01 -6.84570E-05
    8607.222    886.691  15.300  7.94419E-01  8.00012E-01 -7.15657E-03
    8613.060    892.530  15.350  7.87821E-01  7.98670E-01 -1.39057E-02
    8618.918    898.388  15.400  7.82075E-01  7.97328E-01 -1.95855E-02
    8624.795    904.265  15.450  7.77679E-01  7.95986E-01 -2.35500E-02
    8630.691    910.161  15.500  7.74980E-01  7.94644E-01 -2.53412E-02
    8636.606    916.076  15.550  7.74116E-01  7.93302E-01 -2.47691E-02
    8642.540    922.010  15.600  7.74990E-01  7.91960E-01 -2.19490E-02
    8648.493    927.963  15.650  7.77274E-01  7.90618E-01 -1.72898E-02
    8654.465    933.935  15.700  7.80469E-01  7.89276E-01 -1.14318E-02
    8660.457    939.926  15.750  7.83978E-01  7.87934E-01 -5.14507E-03
    8666.467    945.936  15.800  7.87201E-01  7.86592E-01  7.93444E-04
    8672.496    951.966  15.850  7.89635E-01  7.85250E-01  5.72255E-03
    8678.544    958.014  15.900  7.90942E-01  7.83908E-01  9.19620E-03
    8684.612    964.081  15.950  7.90996E-01  7.82566E-01  1.10418E-02
    8690.698    970.168  16.000  7.89887E-01  7.81224E-01  1.13675E-02
    8696.804    976.273  16.050  7.86686E-01  7.78656E-01  1.05574E-02
    8702.928    982.398  16.100  7.82957E-01  7.76088E-01  9.04898E-03
    8709.072    988.541  16.150  7.79111E-01  7.73520E-01  7.37902E-03
    8715.235    994.704  16.200  7.75506E-01  7.70952E-01  6.02180E-03
    8721.416   1000.886  16.250  7.72381E-01  7.68384E-01  5.29563E-03
    8727.617   1007.087  16.300  7.69812E-01  7.65816E-01  5.30547E-03
    8733.837   1013.306  16.350  7.67708E-01  7.63248E-01  5.93226E-03
    8740.076   1019.545  16.400  7.65834E-01  7.60680E-01  6.86950E-03
    8746.334   1025.803  16.450  7.63877E-01  7.58111E-01  7.69846E-03
    8752.611   1032.080  16.500  7.61512E-01  7.55543E-01  7.98536E-03
    8758.907   1038.376  16.550  7.58481E-01  7.52975E-01  7.38014E-03
    8765.222   1044.691  16.600  7.54648E-01  7.50407E-01  5.69633E-03
    8771.556   1051.025  16.650  7.50036E-01  7.47839E-01  2.95620E-03
    8777.909   1057.378  16.700  7.44821E-01  7.45271E-01 -6.07166E-04
    8784.281   1063.750  16.750  7.39305E-01  7.42703E-01 -4.59036E-03
    8790.672   1070.142  16.800  7.33861E-01  7.40135E-01 -8.49315E-03
    8797.083   1076.552  16.850  7.28860E-01  7.37567E-01 -1.18092E-02
    8803.512   1082.981  16.900  7.24612E-01  7.34998E-01 -1.41156E-02
    8809.960   1089.430  16.950  7.21310E-01  7.32430E-01 -1.51427E-02
    8816.428   1095.897  17.000  7.19006E-01  7.29862E-01 -1.48125E-02
    8822.914   1102.384  17.050  7.17529E-01  7.27236E-01 -1.32703E-02
    8829.420   1108.889  17.100  7.16772E-01  7.24609E-01 -1.07351E-02
    8835.944   1115.414  17.150  7.16469E-01  7.21983E-01 -7.56770E-03
    8842.488   1121.958  17.200  7.16333E-01  7.19356E-01 -4.15789E-03
    8849.051   1128.520  17.250  7.16109E-01  7.16730E-01 -8.55802E-04
    8855.633   1135.102  17.300  7.15610E-01  7.14104E-01  2.07978E-03
    8862.233   1141.703  17.350  7.14735E-01  7.11477E-01  4.50685E-03
    8868.853   1148.323  17.400  7.13465E-01  7.08851E-01  6.39665E-03
    8875.492   1154.962  17.450  7.11844E-01  7.06224E-01  7.80514E-03
    8882.150   1161.619  17.500  7.09942E-01  7.03598E-01  8.82901E-03
    8888.827   1168.296  17.550  7.07826E-01  7.00972E-01  9.55879E-03
    8895.523   1174.993  17.600  7.05532E-01  6.98345E-01  1.00414E-02
    8902.238   1181.708  17.650  7.03048E-01  6.95719E-01  1.02617E-02
    8908.972   1188.442  17.700  7.00325E-01  6.93092E-01  1.01464E-02
    8915.725   1195.195  17.750  6.97288E-01  6.90466E-01  9.58957E-03
    8922.498   1201.967  17.800  6.93867E-01  6.87839E-01  8.49075E-03
    8929.289   1208.758  17.850  6.90028E-01  6.85213E-01  6.79647E-03
    8936.099   1215.569  17.900  6.85792E-01  6.82587E-01  4.53279E-03
    8942.929   1222.398  17.950  6.81244E-01  6.79960E-01  1.82008E-03
    8949.777   1229.247  18.000  6.76535E-01  6.77334E-01 -1.13450E-03
    8956.645   1236.114  18.050  6.73892E-01  6.76757E-01 -4.07689E-03
    8963.531   1243.001  18.100  6.71467E-01  6.76181E-01 -6.72227E-03
    8970.437   1249.906  18.150  6.69429E-01  6.75605E-01 -8.82460E-03
    8977.361   1256.831  18.200  6.67896E-01  6.75029E-01 -1.02126E-02
    8984.305   1263.775  18.250  6.66915E-01  6.74452E-01 -1.08151E-02
    8991.268   1270.737  18.300  6.66459E-01  6.73876E-01 -1.06647E-02
    8998.250   1277.719  18.350  6.66443E-01  6.73300E-01 -9.87963E-03
    9005.251   1284.720  18.400  6.66748E-01  6.72723E-01 -8.62807E-03
    9012.270   1291.740  18.450  6.67250E-01  6.72147E-01 -7.08577E-03
    9019.309   1298.779  18.500  6.67849E-01  6.71571E-01 -5.39663E-03
    9026.367   1305.837  18.550  6.68484E-01  6.70994E-01 -3.64742E-03
    9033.444   1312.914  18.600  6.69139E-01  6.70418E-01 -1.86264E-03
    9040.541   1320.010  18.650  6.69828E-01  6.69842E-01 -2.07984E-05
    9047.656   1327.125  18.700  6.70574E-01  6.69266E-01  1.91279E-03
    9054.790   1334.259  18.750  6.71382E-01  6.68689E-01  3.94614E-03
    9061.943   1341.413  18.800  6.72216E-01  6.68113E-01  6.02567E-03
    9069.115   1348.585  18.850  6.72984E-01  6.67537E-01  8.01750E-03
    9076.307   1355.776  18.900  6.73546E-01  6.66960E-01  9.71266E-03
    9083.517   1362.987  18.950  6.73730E-01  6.66384E-01  1.08578E-02
    9090.747   1370.216  19.000  6.73373E-01  6.65808E-01  1.12063E-02
    9097.995   1377.465  19.050  6.72931E-01  6.65800E-01  1.05850E-02
    9105.263   1384.732  19.100  6.71793E-01  6.65792E-01  8.92750E-03
    9112.549   1392.019  19.150  6.70033E-01  6.65784E-01  6.33413E-03
    9119.855   1399.324  19.200  6.67830E-01  6.65776E-01  3.06945E-03
    9127.180   1406.649  19.250  6.65456E-01  6.65768E-01 -4.67359E-04
    9134.523   1413.993  19.300  6.63225E-01  6.65760E-01 -3.80442E-03
    9141.886   1421.356  19.350  6.61442E-01  6.65752E-01 -6.48088E-03
    9149.268   1428.737  19.400  6.60346E-01  6.65744E-01 -8.13556E-03
    9156.669   1436.138  19.450  6.60054E-01  6.65736E-01 -8.58144E-03
    9164.089   1443.558  19.500  6.60543E-01  6.65728E-01 -7.84863E-03
    9171.528   1450.997  19.550  6.61644E-01  6.65720E-01 -6.18432E-03
    9178.986   1458.455  19.600  6.63077E-01  6.65712E-01 -4.00728E-03
    9186.463   1465.932  19.650  6.64507E-01  6.65704E-01 -1.82436E-03
    9193.959   1473.429  19.700  6.65614E-01  6.65696E-01 -1.25096E-04
    9201.474   1480.944  19.750  6.66161E-01  6.65688E-01  7.23512E-04
    9209.009   1488.478  19.800  6.66045E-01  6.65680E-01  5.59386E-04
    9216.562   1496.031  19.850  6.65325E-01  6.65673E-01 -5.34048E-04
    9224.134   1503.604  19.900  6.64211E-01  6.65665E-01 -2.23950E-03
    9231.726   1511.195  19.950  6.63021E-01  6.65657E-01 -4.06916E-03
    9239.336   1518.805  20.000  6.62115E-01  6.65649E-01 -5.46795E-03
