 1PL 2/ 0/  .01; 24; 7; 21; 22; 40; 3; 35; 4; 6; 41; 6;-43;MOUV. 39= 324904;MOUV. 9= 342;1E-09/3E-10;;HeN in I0;CeRu2 P 8.0 GPa at 0.0;CeRu2 P 0.0 GPa at 325000;$39;$9;
 871 
 5659.91  938390  725909 
 5660.27  940287  726986 
 5660.4  940951  727813 
 5660.52  941645  727832 
 5660.82  941967  728764 
 5661.01  941622  729222 
 5661.13  942084  729651 
 5661.49  941543  730735 
 5661.62  942222  730910 
 5661.74  942893  731989 
 5662.04  942704  731470 
 5662.17  941523  731227 
 5662.35  942481  732186 
 5662.59  942804  732590 
 5662.84  941769  732245 
 5662.96  942073  732721 
 5663.2  942041  732660 
 5663.39  941413  733146 
 5663.51  941143  732557 
 5663.88  940661  732865 
 5664  941406  732830 
 5664.12  941092  732976 
 5664.43  940592  732829 
 5664.61  939836  732106 
 5664.73  939380  732634 
 5665.04  937894  731956 
 5665.22  937301  732280 
 5665.34  937584  732249 
 5665.65  937090  732538 
 5665.77  937322  732352 
 5665.96  936727  731867 
 5666.14  936051  731743 
 5666.51  935691  731904 
 5666.57  935933  732501 
 5666.75  934837  731916 
 5666.99  934495  731964 
 5667.18  934621  732558 
 5667.36  934808  732400 
 5667.73  934738  732661 
 5667.73  934851  733082 
 5667.97  934195  732837 
 5668.22  934475  733264 
 5668.4  935180  733750 
 5668.53  935661  734108 
 5668.89  936515  735579 
 5668.95  937646  736242 
 5669.14  937609  736975 
 5669.44  937924  737127 
 5669.57  939598  738384 
 5669.75  940596  739501 
 5670.06  941931  740908 
 5670.18  942489  741854 
 5670.36  943941  743367 
 5670.67  945316  744181 
 5670.79  945864  745184 
 5670.92  947616  745704 
 5671.28  947946  747642 
 5671.41  949472  748918 
 5671.53  951265  750651 
 5671.84  952593  751418 
 5671.96  952669  751778 
 5672.14  954596  753853 
 5672.45  956193  755688 
 5672.63  956646  755465 
 5672.76  957978  757202 
 5673  958170  757968 
 5673.19  959855  759133 
 5673.37  960473  760433 
 5673.68  961962  759984 
 5673.8  961829  760795 
 5673.92  962897  761372 
 5674.23  962411  761469 
 5674.41  962663  762204 
 5674.54  962296  762894 
 5674.84  962950  763896 
 5675.03  962735  763075 
 5675.15  962604  763898 
 5675.4  962672  765024 
 5675.58  963330  765202 
 5675.77  963311  764757 
 5675.95  963103  765203 
 5676.26  962696  765183 
 5676.38  962615  765903 
 5676.63  962570  765677 
 5676.81  962417  766160 
 5676.93  962680  766133 
 5677.18  962985  766725 
 5677.49  961660  766260 
 5677.55  961093  765809 
 5677.79  961003  766276 
 5678.04  961243  766805 
 5678.16  960985  766357 
 5678.29  960539  766608 
 5678.72  961757  767889 
 5678.78  960853  767418 
 5678.96  961352  768087 
 5679.21  961988  768398 
 5679.4  961992  768891 
 5679.52  962118  769060 
 5679.89  962941  769467 
 5680.01  963603  771484 
 5680.13  963163  771279 
 5680.44  962877  771319 
 5680.57  962730  771383 
 5680.75  962590  771545 
 5681.06  963939  772633 
 5681.24  965154  773428 
 5681.37  964905  773636 
 5681.61  965214  773980 
 5681.74  966040  775178 
 5681.92  965158  774966 
 5682.29  966777  776132 
 5682.41  966847  776743 
 5682.54  967437  776951 
 5682.85  967450  777876 
 5683.03  968027  778028 
 5683.15  968639  777899 
 5683.4  969368  779946 
 5683.65  969904  780629 
 5683.77  970736  781768 
 5683.96  971852  782677 
 5684.27  972427  783134 
 5684.33  972758  783666 
 5684.57  973864  785781 
 5684.88  974911  786204 
 5685.01  975628  786459 
 5685.13  976129  787166 
 5685.44  977366  788046 
 5685.56  977950  789096 
 5685.75  978242  789761 
 5686.06  979706  790985 
 5686.18  980852  792716 
 5686.43  981639  793675 
 5686.61  982619  794117 
 5686.8  982956  795360 
 5686.92  983046  794882 
 5687.29  984686  797488 
 5687.42  985600  798078 
 5687.54  986504  799158 
 5687.79  987285  799769 
 5687.97  988177  800938 
 5688.16  988959  801808 
 5688.47  989197  802398 
 5688.59  990882  803764 
 5688.78  992826  805479 
 5689.02  993127  806004 
 5689.21  993332  807470 
 5689.33  994539  807503 
 5689.64  995311  808955 
 5689.83  996968  809826 
 5689.95  996662  810740 
 5690.2  997113  811295 
 5690.45  998828  812879 
 5690.51  998961  812451 
 5690.82  999783  813893 
 5691.07  998764  813417 
 5691.13  1000359  814575 
 5691.38  1001097  815576 
 5691.62  1001468  815790 
 5691.75  1001900  816431 
 5692  1002338  817803 
 5692.24  1003413  819299 
 5692.37  1004535  820307 
 5692.62  1005075  821285 
 5692.86  1005067  821367 
 5692.93  1005220  820670 
 5693.17  1005110  822193 
 5693.48  1005413  822434 
 5693.61  1006472  823301 
 5693.73  1005893  821929 
 5694.04  1005964  823346 
 5694.17  1005584  823300 
 5694.29  1005954  824181 
 5694.66  1006339  824409 
 5694.85  1008427  825530 
 5694.91  1008106  826096 
 5695.22  1008501  826021 
 5695.41  1009940  827451 
 5695.59  1010595  828214 
 5695.78  1011201  829745 
 5696.09  1011671  829928 
 5696.15  1011736  831041 
 5696.4  1012212  831071 
 5696.59  1013726  832898 
 5696.77  1015337  834846 
 5696.96  1016703  835359 
 5697.27  1016736  835937 
 5697.39  1016778  836021 
 5697.58  1017625  835895 
 5697.77  1017041  837096 
 5697.95  1018859  837759 
 5698.2  1020025  839310 
 5698.45  1020652  840481 
 5698.57  1021414  840995 
 5698.82  1022991  842594 
 5699.01  1023805  843975 
 5699.2  1025029  844715 
 5699.32  1025610  846067 
 5699.69  1025834  846150 
 5699.82  1026722  847316 
 5699.94  1027941  848419 
 5700.25  1028476  848938 
 5700.38  1028908  849854 
 5700.5  1029588  850553 
 5700.81  1029667  850926 
 5701.06  1030396  852570 
 5701.12  1031395  852797 
 5701.44  1032242  854156 
 5701.56  1032895  854428 
 5701.75  1034389  856386 
 5702.06  1035017  857780 
 5702.24  1036427  858503 
 5702.37  1036308  858733 
 5702.56  1037470  859415 
 5702.87  1037607  859651 
 5702.93  1037796  860290 
 5703.18  1039109  861670 
 5703.49  1040695  862776 
 5703.55  1041160  863409 
 5703.74  1041680  865036 
 5704.05  1042278  865370 
 5704.18  1044214  867283 
 5704.3  1045312  868568 
 5704.67  1046704  869835 
 5704.8  1047258  870507 
 5704.99  1047549  870252 
 5705.24  1048357  870740 
 5705.36  1049327  872784 
 5705.55  1050120  873007 
 5705.86  1050609  874272 
 5706.05  1051363  875251 
 5706.17  1052438  876537 
 5706.42  1053327  876966 
 5706.61  1053661  877941 
 5706.73  1053917  877331 
 5706.92  1054521  878457 
 5707.29  1055081  879329 
 5707.36  1056283  880470 
 5707.61  1057816  880900 
 5707.79  1058186  882296 
 5707.98  1059555  883386 
 5708.11  1059972  883205 
 5708.48  1061730  885099 
 5708.61  1062340  885335 
 5708.79  1063715  887102 
 5709.04  1064941  888269 
 5709.17  1066303  889561 
 5709.36  1066248  890083 
 5709.67  1067795  891787 
 5709.79  1069259  892316 
 5709.92  1069898  894191 
 5710.29  1071261  894381 
 5710.36  1071965  894995 
 5710.48  1072806  896317 
 5710.86  1075535  897912 
 5711.04  1076459  898853 
 5711.17  1077548  900504 
 5711.42  1078971  901612 
 5711.61  1080887  902852 
 5711.73  1081390  903384 
 5711.98  1083262  905347 
 5712.23  1084629  906112 
 5712.42  1085641  907038 
 5712.61  1087259  908565 
 5712.8  1088725  909536 
 5712.98  1091236  911589 
 5713.11  1092443  913246 
 5713.48  1094113  914508 
 5713.55  1095747  915444 
 5713.8  1096832  915609 
 5714.05  1097758  917133 
 5714.17  1099053  917119 
 5714.3  1100332  918477 
 5714.74  1103363  920076 
 5714.8  1103717  920343 
 5714.92  1104823  921054 
 5715.24  1105873  921510 
 5715.36  1107052  921638 
 5715.55  1106710  921000 
 5715.8  1102214  916487 
 5716.05  1097500  911657 
 5716.18  1087630  902799 
 5716.43  1085733  901094 
 5716.62  1091205  904199 
 5716.74  1097611  909321 
 5716.93  1110662  919377 
 5717.24  1121654  926014 
 5717.37  1125760  928051 
 5717.62  1129019  929627 
 5717.81  1131601  928815 
 5717.93  1133946  929227 
 5718.19  1134690  926878 
 5718.5  1136288  925141 
 5718.56  1137057  925050 
 5718.75  1136818  921106 
 5719.06  1136594  917464 
 5719.19  1138333  916539 
 5719.32  1139344  913134 
 5719.69  1139540  908255 
 5719.82  1140104  906654 
 5719.94  1140990  903767 
 5720.19  1141793  898990 
 5720.38  1142933  896347 
 5720.51  1143274  890292 
 5720.89  1143873  883432 
 5721.01  1143846  878829 
 5721.14  1144434  875462 
 5721.45  1143872  867278 
 5721.58  1144656  863031 
 5721.77  1144873  856268 
 5721.95  1144505  849834 
 5722.27  1144797  841675 
 5722.39  1144889  837121 
 5722.65  1146338  830224 
 5722.83  1148356  826743 
 5722.96  1149181  821769 
 5723.09  1149326  815361 
 5723.46  1149567  805575 
 5723.59  1149694  801035 
 5723.72  1151193  795136 
 5724.09  1152772  786153 
 5724.16  1153639  783384 
 5724.34  1154970  776284 
 5724.66  1155563  769156 
 5724.79  1156340  765692 
 5724.97  1157546  760780 
 5725.23  1157655  755113 
 5725.42  1158523  750953 
 5725.54  1159549  747814 
 5725.86  1160746  743868 
 5726.04  1161202  741487 
 5726.17  1161033  739860 
 5726.36  1161890  738355 
 5726.55  1162976  737111 
 5726.8  1162934  735265 
 5726.93  1162647  734870 
 5727.31  1163583  735483 
 5727.37  1164569  736606 
 5727.56  1165422  738041 
 5727.87  1165553  739720 
 5728  1166383  740062 
 5728.12  1166557  741565 
 5728.44  1166659  743711 
 5728.63  1166087  745463 
 5728.76  1166987  746688 
 5729.01  1167355  749342 
 5729.2  1166871  751958 
 5729.32  1166338  753164 
 5729.64  1165342  755293 
 5729.83  1164210  756524 
 5729.95  1161838  755945 
 5730.14  1158054  755193 
 5730.46  1144517  748675 
 5730.52  1132972  742820 
 5730.77  1109674  730041 
 5731.09  1114243  734432 
 5731.15  1123361  741644 
 5731.41  1146876  759369 
 5731.66  1169100  774643 
 5731.72  1177912  782120 
 5731.91  1189319  790651 
 5732.29  1188186  790624 
 5732.42  1183033  787876 
 5732.54  1167833  777655 
 5732.86  1148387  764582 
 5732.92  1137957  756872 
 5733.11  1143361  760484 
 5733.49  1172021  778495 
 5733.62  1184496  786847 
 5733.74  1202547  797835 
 5734.06  1219108  807766 
 5734.19  1222833  810213 
 5734.31  1224775  810262 
 5734.57  1223234  808828 
 5734.88  1220584  807216 
 5734.95  1220260  806479 
 5735.2  1218138  805917 
 5735.45  1217436  805596 
 5735.58  1217179  804973 
 5735.71  1216633  805590 
 5736.02  1213846  805490 
 5736.21  1213933  806104 
 5736.34  1212808  806800 
 5736.66  1212555  807059 
 5736.78  1212128  808480 
 5736.91  1211828  808911 
 5737.29  1210293  810486 
 5737.42  1211534  811205 
 5737.54  1210510  811990 
 5737.8  1209664  813236 
 5737.99  1208806  813969 
 5738.18  1208282  815022 
 5738.37  1208281  816846 
 5738.68  1208987  819097 
 5738.81  1208416  820016 
 5738.94  1208300  822383 
 5739.19  1207258  822918 
 5739.38  1207106  824038 
 5739.51  1206488  826396 
 5739.89  1205262  828905 
 5740.01  1205843  829335 
 5740.14  1204786  830924 
 5740.39  1204927  833427 
 5740.59  1204194  835770 
 5740.78  1204347  837747 
 5740.97  1204166  839682 
 5741.28  1202580  839962 
 5741.35  1202595  841470 
 5741.6  1202276  843499 
 5741.85  1202628  845665 
 5741.92  1201224  846314 
 5742.11  1198676  846014 
 5742.49  1197280  846754 
 5742.55  1198427  848516 
 5742.81  1196544  848687 
 5743  1196232  849624 
 5743.19  1195394  849710 
 5743.31  1194408  850885 
 5743.7  1194272  850625 
 5743.76  1193592  851152 
 5743.95  1192694  852433 
 5744.2  1191899  852999 
 5744.4  1190796  852966 
 5744.52  1190680  853700 
 5744.84  1190929  855025 
 5745.03  1191121  856147 
 5745.16  1192586  857044 
 5745.41  1191877  857142 
 5745.6  1192121  858589 
 5745.73  1192048  859952 
 5745.92  1192982  860526 
 5746.3  1191993  860692 
 5746.37  1192906  861316 
 5746.56  1192582  862719 
 5746.88  1192758  863663 
 5746.94  1193723  864101 
 5747.07  1193385  863745 
 5747.51  1192993  865367 
 5747.58  1194693  866296 
 5747.77  1195216  867538 
 5748.02  1194488  868069 
 5748.21  1195544  868839 
 5748.34  1197286  870804 
 5748.53  1198428  871524 
 5748.85  1199011  872187 
 5748.98  1199318  873096 
 5749.1  1199515  874782 
 5749.49  1201292  876148 
 5749.55  1201668  876113 
 5749.68  1202760  877035 
 5750.12  1203607  878566 
 5750.89  1205658  882092 
 5752.04  1210424  887801 
 5752.93  1214879  892667 
 5754.01  1219042  898377 
 5754.84  1222136  903097 
 5755.99  1223823  908064 
 5757.08  1224384  911114 
 5757.91  1224505  912751 
 5758.94  1225167  917597 
 5759.9  1226760  920058 
 5761.05  1227969  924216 
 5761.88  1229799  926567 
 5763.04  1231479  929504 
 5763.94  1233492  930994 
 5764.96  1233811  933542 
 5766.05  1233262  932974 
 5766.89  1231675  930756 
 5767.98  1230073  931180 
 5768.88  1228752  929450 
 5770.04  1228454  929582 
 5770.88  1229720  930515 
 5771.97  1231140  931268 
 5773  1233074  933116 
 5773.9  1235304  936764 
 5775  1237435  939749 
 5775.97  1239146  943678 
 5776.94  1240614  946836 
 5777.9  1242193  950667 
 5779.07  1243481  955610 
 5779.97  1245237  958879 
 5781.01  1247866  963217 
 5781.91  1251163  968224 
 5783.01  1253712  973129 
 5783.98  1258781  977975 
 5784.96  1261017  981638 
 5785.99  1262996  985703 
 5786.9  1266731  990537 
 5788.07  1269814  995857 
 5788.98  1271079  998597 
 5790.02  1275735  1003747 
 5790.93  1277475  1008507 
 5792.1  1279038  1012673 
 5792.94  1280898  1015464 
 5793.98  1284484  1021460 
 5794.96  1286223  1024997 
 5796  1286964  1027419 
 5796.98  1288695  1030741 
 5798.02  1289010  1032734 
 5798.93  1288101  1033628 
 5799.91  1285161  1033277 
 5801.09  1281320  1031037 
 5801.94  1278178  1029776 
 5802.98  1276330  1029141 
 5803.9  1274831  1028258 
 5805.08  1274445  1028651 
 5805.93  1277235  1031165 
 5807.04  1278448  1032874 
 5807.96  1279112  1034876 
 5809  1281062  1036398 
 5809.99  1282524  1038370 
 5810.97  1282523  1039866 
 5811.96  1281672  1040697 
 5812.94  1279316  1040369 
 5814.06  1275023  1038596 
 5814.98  1268187  1034192 
 5815.9  1259591  1030192 
 5817.02  1251145  1024375 
 5818.07  1245063  1022368 
 5818.92  1240962  1020475 
 5819.98  1238773  1020918 
 5820.97  1238289  1022796 
 5822.02  1239851  1026479 
 5822.88  1243559  1031147 
 5824.07  1246058  1034905 
 5824.93  1248187  1038721 
 5825.98  1251343  1043472 
 5826.97  1254949  1048140 
 5828.03  1254527  1049209 
 5828.89  1255865  1051803 
 5830.08  1254641  1051671 
 5830.94  1252166  1053526 
 5832  1246800  1050414 
 5832.87  1242432  1048188 
 5834.06  1233692  1043034 
 5834.92  1227956  1039039 
 5836.05  1220888  1035301 
 5836.91  1216736  1033730 
 5838.04  1211776  1032427 
 5838.91  1209665  1031329 
 5840.04  1207585  1030533 
 5840.9  1205486  1030715 
 5842.03  1206331  1033105 
 5842.96  1208265  1036311 
 5844.03  1208226  1036301 
 5844.9  1206854  1037667 
 5846.03  1209365  1040109 
 5847.03  1210372  1042529 
 5847.96  1212094  1045469 
 5848.9  1215474  1049216 
 5850.03  1217390  1052895 
 5850.97  1218688  1055411 
 5851.97  1221091  1059181 
 5852.91  1224812  1064132 
 5854.05  1225644  1066348 
 5854.92  1225508  1067947 
 5856.06  1227102  1070983 
 5856.93  1227489  1073400 
 5858.07  1228789  1075202 
 5858.94  1230290  1077832 
 5860.01  1230844  1080986 
 5860.89  1229445  1082093 
 5862.1  1228288  1082655 
 5862.97  1226456  1082762 
 5864.05  1224848  1083290 
 5864.85  1223778  1085140 
 5866.06  1225743  1090626 
 5866.94  1224658  1091937 
 5868.02  1223914  1091917 
 5868.96  1223103  1093309 
 5870.04  1222627  1094577 
 5870.98  1220310  1095244 
 5872  1221490  1097974 
 5872.94  1222190  1101157 
 5874.09  1224166  1104717 
 5874.9  1225530  1106499 
 5876.05  1227755  1110436 
 5877  1227751  1112874 
 5878.01  1230112  1116490 
 5878.96  1231886  1119983 
 5880.04  1233551  1123050 
 5880.99  1234314  1124883 
 5882.01  1234930  1128021 
 5883.03  1236442  1130654 
 5883.98  1235697  1132452 
 5885.06  1235001  1133670 
 5885.95  1235543  1134796 
 5887.03  1237623  1138265 
 5887.98  1237676  1139397 
 5889.07  1237205  1139987 
 5889.96  1236269  1140940 
 5891.05  1235156  1141745 
 5891.93  1234457  1141191 
 5893.09  1234510  1142595 
 5893.98  1233852  1143871 
 5895  1233575  1143514 
 5895.95  1232183  1144343 
 5897.12  1232562  1146167 
 5898  1234270  1150654 
 5898.89  1235921  1153109 
 5900.05  1236335  1156267 
 5901.01  1236760  1158511 
 5902.11  1238265  1161573 
 5902.86  1239333  1163873 
 5904.09  1243027  1169929 
 5904.98  1243767  1172816 
 5906.08  1245059  1176329 
 5906.97  1247991  1180037 
 5908.07  1250327  1184986 
 5908.96  1252568  1190715 
 5909.99  1255739  1196267 
 5911.02  1257652  1200115 
 5912.12  1259185  1203811 
 5912.95  1257541  1204868 
 5913.91  1255437  1205399 
 5915.15  1250232  1203714 
 5915.97  1245956  1200219 
 5917.08  1239421  1197825 
 5917.97  1234978  1194943 
 5919.08  1233636  1196965 
 5919.97  1234751  1199788 
 5920.94  1235638  1202561 
 5922.11  1238093  1207475 
 5923.01  1240012  1211123 
 5924.05  1242463  1214644 
 5924.95  1244897  1218812 
 5926.12  1246473  1222058 
 5926.95  1247949  1225502 
 5927.99  1250571  1228847 
 5929.03  1253256  1232893 
 5930.07  1254008  1236034 
 5930.97  1255004  1238218 
 5931.94  1257713  1243103 
 5933.12  1261206  1249080 
 5933.96  1264684  1254122 
 5935.07  1269510  1260044 
 5935.97  1274158  1266624 
 5937.08  1276793  1271828 
 5937.92  1278607  1274708 
 5938.96  1279422  1277764 
 5940.07  1278732  1279231 
 5940.98  1276513  1278492 
 5942.02  1275488  1278490 
 5943  1273916  1277970 
 5944.12  1272218  1279015 
 5944.95  1271454  1279350 
 5945.86  1271126  1280456 
 5947.12  1244706  1256064 
 5948.03  1248048  1260933 
 5949.01  1276580  1291873 
 5949.91  1264345  1281715 
 5951.17  1260855  1278791 
 5951.94  1288673  1308528 
 5952.92  1295601  1317483 
 5954.04  1298645  1323010 
 5955.03  1300901  1327238 
 5956.01  1303867  1331457 
 5956.99  1306799  1336237 
 5958.11  1308469  1340376 
 5958.96  1312293  1344852 
 5959.94  1313219  1349076 
 5961.06  1314793  1352361 
 5962.05  1315421  1355261 
 5962.96  1316597  1358730 
 5963.95  1318357  1361710 
 5965.14  1319416  1365833 
 5965.99  1320947  1369658 
 5966.9  1325225  1375392 
 5968.1  1328008  1381911 
 5969.02  1330574  1387565 
 5970.01  1333084  1391775 
 5970.93  1336900  1399036 
 5972.06  1340324  1404942 
 5973.04  1341630  1409260 
 5973.89  1341798  1412153 
 5975.1  1341291  1414420 
 5975.94  1337648  1412675 
 5977.01  1332935  1409960 
 5978  1327700  1406954 
 5978.92  1324038  1406966 
 5980.12  1322667  1407113 
 5980.9  1322505  1409723 
 5982.04  1325755  1414557 
 5983.03  1328689  1420680 
 5983.88  1333694  1429157 
 5985.02  1339074  1437331 
 5986.02  1342303  1444295 
 5986.94  1345660  1449233 
 5987.94  1347030  1453357 
 5989  1348665  1457484 
 5990  1348563  1459215 
 5990.93  1349224  1462151 
 5991.99  1349378  1466036 
 5992.99  1350857  1469854 
 5993.92  1350510  1470652 
 5994.99  1350028  1472703 
 5995.92  1349701  1474211 
 5997.06  1350009  1476413 
 5997.92  1351160  1479676 
 5998.92  1353057  1484326 
 5999.99  1355257  1488082 
 6000.92  1356231  1490133 
 6002.07  1355682  1491462 
 6002.93  1354752  1492664 
 6003.86  1353100  1494215 
 6005.07  1353485  1496367 
 6005.94  1355944  1501244 
 6007.01  1360024  1508423 
 6007.94  1363134  1515350 
 6008.95  1367077  1519731 
 6010.03  1372042  1527339 
 6010.89  1375706  1533106 
 6012.04  1379024  1541012 
 6012.9  1381536  1544017 
 6013.84  1382680  1547840 
 6015.06  1382649  1549957 
 6015.93  1382284  1551275 
 6017.01  1381531  1551544 
 6017.94  1379868  1552316 
 6018.95  1379357  1553355 
 6019.96  1380585  1556674 
 6020.97  1383276  1560950 
 6021.98  1387388  1568316 
 6023  1371990  1551814 
 6023.86  1363932  1544589 
 6025.09  1385965  1571882 
 6025.96  1390770  1577424 
 6026.83  1393775  1583623 
 6028.06  1397835  1589644 
 6029  1400637  1596183 
 6029.87  1403531  1600364 
 6031.03  1407640  1608636 
 6031.97  1410872  1613355 
 6033.06  1413861  1619050 
 6033.93  1416542  1625009 
 6034.95  1419850  1631831 
 6036.11  1423429  1638050 
 6036.91  1424435  1641482 
 6038  1427538  1648345 
 6039.02  1430180  1654715 
 6039.89  1431019  1658973 
 6041.06  1432719  1662338 
 6042.01  1432470  1667820 
 6042.95  1430978  1668459 
 6044.05  1429476  1671489 
 6044.92  1428557  1671331 
 6046.02  1427787  1675602 
 6046.97  1429130  1681549 
 6047.92  1429645  1683622 
 6049.08  1430383  1688037 
 6049.96  1430571  1690534 
 6050.99  1429207  1693072 
 6052.01  1428920  1695742 
 6052.89  1429110  1697981 
 6054.06  1427265  1699289 
 6055.01  1426202  1700675 
 6055.89  1426939  1705264 
 6057.07  1428494  1711217 
 6058.02  1431705  1716893 
 6058.83  1435660  1722570 
 6060.07  1440188  1731801 
 6061.03  1444191  1739872 
 6061.91  1448214  1745984 
 6063.01  1451873  1753310 
 6063.97  1453681  1757444 
 6064.93  1454451  1761422 
 6066.03  1455776  1765924 
 6066.91  1454594  1766357 
 6068.02  1454350  1767991 
 6069.05  1453941  1770111 
 6069.86  1454296  1774095 
 6071.04  1455558  1776855 
 6072  1457020  1781375 
 6072.89  1459023  1785566 
 6074.07  1461073  1791123 
 6074.96  1461809  1793907 
 6075.92  1460812  1796321 
 6077.03  1462806  1800791 
 6077.92  1463960  1804817 
 6079.03  1465930  1809516 
 6080.06  1466429  1811722 
 6080.88  1467229  1816281 
 6081.99  1470102  1823081 
 6083.03  1472920  1828442 
 6083.92  1474775  1833020 
 6084.96  1477718  1840010 
 6086.07  1481252  1847389 
 6086.89  1484261  1853416 
 6088  1487330  1860773 
 6089.04  1491345  1866844 
 6089.94  1493739  1872674 
 6091.05  1494368  1876218 
 6091.95  1496834  1881371 
 6092.91  1500008  1888066 
 6094.03  1502045  1892468 
 6095  1504860  1898696 
 6095.9  1509293  1905939 
 6097.01  1512836  1913971 
 6097.99  1514590  1918150 
 6098.88  1517582  1923401 
 6100.08  1520959  1930701 
 6100.97  1524819  1937625 
 6101.95  1527223  1942056 
 6103.07  1531188  1949021 
 6103.97  1534033  1956154 
 6104.94  1536724  1961531 
 6106.06  1538574  1966423 
 6106.96  1540202  1970246 
 6107.86  1541598  1975751 
 6109.14  1540913  1977771 
 6109.96  1541137  1981571 
 6110.86  1543256  1985648 
 6112.06  1542404  1988220 
 6112.96  1541859  1989583 
 6113.87  1542740  1993030 
 6115.07  1543972  1998395 
 6116.05  1546615  2004924 
 6116.87  1549429  2009691 
 6118.08  1550027  2015090 
 6118.98  1550868  2018946 
 6119.89  1551944  2024506 
 6121.09  1553331  2030071 
 6121.92  1554151  2034407 
 6122.9  1554664  2038470 
 6124.11  1556133  2043704 
 6125.02  1557575  2047422 
 6125.85  1557125  2051840 
 6127.13  1559879  2059434 
 6127.97  1561780  2064115 
 6128.87  1563981  2068322 
 6130.08  1566467  2076358 
 6131.07  1565286  2079005 
 6131.9  1541721  2050481 
 6132.96  1501484  2000417 
 6134.1  1540075  2054904 
 6134.93  1563265  2089278 
 6135.99  1553747  2080300 
 6137.06  1497548  2005865 
 6137.89  1529259  2053148 
 6139.11  1578770  2124492 
 6140.02  1573503  2121012 
 6140.93  1538364  2075728 
 6141.92  1362109  1840599 
 6143.14  1535106  2078540 
 6143.98  1578101  2140467 
 6144.89  1583440  2149836 
 6146.11  1584897  2155128 
 6147.02  1585810  2158936 
 6147.94  1585866  2161215 
 6149.01  1584250  2162302 
 6150.07  1550519  2119185 
 6150.99  1387647  1896684 
 6151.91  1511292  2069659 
 6153.05  1595329  2187310 
 6154.05  1596188  2189721 
 6154.97  1555887  2136332 
 6156.04  1564839  2147585 
 6157.03  1624491  2227326 
 6157.95  1633356  2234485 
 6159.1  1613779  2198537 
 6159.94  1576222  2134730 
 6160.94  1580526  2118618 
 6162.17  1626527  2145549 
 6163.01  1639046  2126173 
 6163.93  1642090  2086869 
 6165.01  1644055  2039412 
 6166.08  1645286  2003463 
 6166.93  1646255  1984490 
 6168.01  1646819  1981934 
 6169.08  1648393  1994761 
 6170.01  1649043  2010653 
