# name:     iron                                                 Feff 8.20   
# formula:  Fe
# sites:    Fe1
# refer1:   Kittel, ISSP
# refer2:
# schoen:
# notes1:   metal, bcc
# POT  Non-SCF, core-hole, AFOLP (folp(0)= 1.150)
# Abs   Z=26 Rmt= 1.347 Rnm= 1.395 K  shell
# Pot 1 Z=26 Rmt= 1.358 Rnm= 1.408
# Gam_ch=1.309E+00 H-L exch Vi= 2.000E+00 Vr= 0.000E+00
# Mu=-5.451E+00 kf=2.045E+00 Vint=-2.138E+01 Rs_int= 1.773
# PATH  Rmax= 5.468,  Keep_limit= 0.00, Heap_limit 0.00  Pwcrit= 2.50%
#  S02=0.944                                        Global_sig2= 0.00000
#  Curved wave amplitude ratio filter   4.000%
#     file         sig2 tot  cw amp ratio   deg  nlegs   reff  inp sig2
#           1       0.00000    100.00      8.00     2   2.4855
#           2       0.00000     51.86      6.00     2   2.8700
#           3       0.00000     13.22     48.00     3   3.9205
#           4       0.00000     39.56     12.00     2   4.0588
#           5       0.00000      4.94     24.00     3   4.5149
#           6       0.00000     12.37     48.00     3   4.5149
#           7       0.00000     48.97     24.00     2   4.7594
#           8       0.00000      6.29     48.00     3   4.8994
#           9       0.00000     14.25      8.00     2   4.9710
#          10       0.00000      6.67      8.00     3   4.9710
#          11       0.00000     45.94     16.00     3   4.9710
#          12       0.00000      9.75      8.00     4   4.9710
#          14       0.00000     41.22      8.00     4   4.9710
#          15       0.00000     11.17     48.00     3   5.0574
#          16       0.00000     12.24     48.00     3   5.0574
#          17       0.00000     12.37     48.00     3   5.0574
#    16/  18 paths used
#  -----------------------------------------------------------------------
#       k          chi          mag           phase @#
     0.0000   -2.166529E-01  2.218555E-01 -1.353805E+00
     0.0500   -2.163005E-01  2.217736E-01 -1.348171E+00
     0.1000   -2.159390E-01  2.216895E-01 -1.342531E+00
     0.1500   -2.148149E-01  2.214339E-01 -1.325678E+00
     0.2000   -2.136100E-01  2.211591E-01 -1.308764E+00
     0.2500   -2.114568E-01  2.206771E-01 -1.280708E+00
     0.3000   -2.090856E-01  2.201436E-01 -1.252497E+00
     0.3500   -2.054818E-01  2.193507E-01 -1.213291E+00
     0.4000   -2.014733E-01  2.184618E-01 -1.173824E+00
     0.4500   -1.958893E-01  2.172535E-01 -1.123598E+00
     0.5000   -1.896980E-01  2.158977E-01 -1.073023E+00
     0.5500   -1.815906E-01  2.141646E-01 -1.012015E+00
     0.6000   -1.727091E-01  2.122332E-01 -9.506105E-01
     0.6500   -1.616535E-01  2.098802E-01 -8.791832E-01
     0.7000   -1.497590E-01  2.072876E-01 -8.073677E-01
     0.7500   -1.356003E-01  2.042521E-01 -7.260045E-01
     0.8000   -1.207040E-01  2.009538E-01 -6.443209E-01
     0.8500   -1.036875E-01  1.972206E-01 -5.535892E-01
     0.9000   -8.624068E-02  1.932256E-01 -4.626502E-01
     0.9500   -6.707787E-02  1.888404E-01 -3.631379E-01
     1.0000   -4.799141E-02  1.842214E-01 -2.635498E-01
     1.0500   -2.782358E-02  1.792716E-01 -1.558335E-01
     1.1000   -8.380720E-03  1.741407E-01 -4.814474E-02
     1.1500    1.136666E-02  1.687763E-01  6.739849E-02
     1.2000    2.970143E-02  1.633017E-01  1.828987E-01
     1.2500    4.753287E-02  1.576995E-01  3.061756E-01
     1.3000    6.332991E-02  1.520639E-01  4.295581E-01
     1.3500    7.789028E-02  1.464125E-01  5.609512E-01
     1.4000    8.993029E-02  1.407962E-01  6.928421E-01
     1.4500    1.001260E-01  1.352647E-01  8.334017E-01
     1.5000    1.074577E-01  1.298128E-01  9.751560E-01
     1.5500    1.124532E-01  1.245300E-01  1.126751E+00
     1.6000    1.143455E-01  1.193369E-01  1.280552E+00
     1.6500    1.134908E-01  1.143813E-01  1.445929E+00
     1.7000    1.093838E-01  1.094896E-01  1.614765E+00
     1.7500    1.022194E-01  1.049023E-01  1.797448E+00
     1.8000    9.184604E-02  1.003265E-01  1.984915E+00
     1.8500    7.836084E-02  9.614987E-02  2.188887E+00
     1.9000    6.217417E-02  9.192241E-02  2.398760E+00
     1.9500    4.337245E-02  8.825328E-02  2.627834E+00
     2.0000    2.320783E-02  8.447258E-02  2.863275E+00
     2.0500    9.914304E-04  8.221036E-02  3.129533E+00
     2.1000   -2.038242E-02  7.968959E-02  3.400239E+00
     2.1500   -3.912233E-02  7.692607E-02  3.675116E+00
     2.2000   -5.367550E-02  7.394447E-02  3.953919E+00
     2.2500   -6.610182E-02  7.285322E-02  4.278479E+00
     2.3000   -7.064384E-02  7.110109E-02  4.598918E+00
     2.3500   -6.737720E-02  6.877648E-02  4.914452E+00
     2.4000   -5.752093E-02  6.597674E-02  5.224246E+00
     2.4500   -4.478236E-02  6.423468E-02  5.511746E+00
     2.5000   -2.919613E-02  6.193880E-02  5.792341E+00
     2.5500   -1.289785E-02  5.922755E-02  6.063659E+00
     2.6000    2.254220E-03  5.626534E-02  6.323260E+00
     2.6500    1.571002E-02  5.422146E-02  6.577138E+00
     2.7000    2.668899E-02  5.188071E-02  6.823528E+00
     2.7500    3.460581E-02  4.933550E-02  7.060599E+00
     2.8000    3.937522E-02  4.669780E-02  7.286379E+00
     2.8500    4.106151E-02  4.372402E-02  7.503206E+00
     2.9000    4.007536E-02  4.052166E-02  7.705427E+00
     2.9500    3.720613E-02  3.722903E-02  7.889054E+00
     3.0000    3.337469E-02  3.402145E-02  8.049282E+00
     3.0500    2.890628E-02  3.059758E-02  8.188025E+00
     3.1000    2.500227E-02  2.755488E-02  8.287811E+00
     3.1500    2.231546E-02  2.528570E-02  8.343556E+00
     3.2000    2.115413E-02  2.421498E-02  8.362233E+00
     3.2500    2.103738E-02  2.404087E-02  8.359204E+00
     3.3000    2.222898E-02  2.548742E-02  8.365188E+00
     3.3500    2.407510E-02  2.832710E-02  8.408990E+00
     3.4000    2.568503E-02  3.214013E-02  8.498885E+00
     3.4500    2.597205E-02  3.633918E-02  8.628565E+00
     3.5000    2.427300E-02  4.085808E-02  8.788656E+00
     3.5500    1.989099E-02  4.545323E-02  8.971834E+00
     3.6000    1.247634E-02  4.993062E-02  9.172228E+00
     3.6500    2.150453E-03  5.379148E-02  9.384790E+00
     3.7000   -1.043211E-02  5.728959E-02  9.607894E+00
     3.7500   -2.429440E-02  6.030791E-02  9.839395E+00
     3.8000   -3.811785E-02  6.274321E-02  1.007771E+01
     3.8500   -5.033646E-02  6.430416E-02  1.032391E+01
     3.9000   -5.944343E-02  6.511044E-02  1.057527E+01
     3.9500   -6.421485E-02  6.509213E-02  1.083121E+01
     4.0000   -6.389571E-02  6.419026E-02  1.109141E+01
     4.0500   -5.809416E-02  6.215390E-02  1.135901E+01
     4.1000   -4.760586E-02  5.916499E-02  1.163132E+01
     4.1500   -3.373572E-02  5.520850E-02  1.190897E+01
     4.2000   -1.832900E-02  5.028482E-02  1.219327E+01
     4.2500   -3.291883E-03  4.425349E-02  1.249191E+01
     4.3000    8.870480E-03  3.734391E-02  1.280620E+01
     4.3500    1.632403E-02  2.965976E-02  1.314919E+01
     4.4000    1.792228E-02  2.143451E-02  1.355658E+01
     4.4500    1.335640E-02  1.336262E-02  1.416766E+01
     4.5000    3.387811E-03  9.550799E-03  1.534535E+01
     4.5500   -1.012861E-02  1.546669E-02  1.642197E+01
     4.6000   -2.455394E-02  2.564791E-02  1.698564E+01
     4.6500   -3.688743E-02  3.712630E-02  1.739226E+01
     4.7000   -4.389125E-02  4.908767E-02  1.774305E+01
     4.7500   -4.307248E-02  6.123650E-02  1.806942E+01
     4.8000   -3.299407E-02  7.337144E-02  1.838314E+01
     4.8500   -1.333270E-02  8.536173E-02  1.869272E+01
     4.9000    1.430775E-02  9.695988E-02  1.899766E+01
     4.9500    4.697030E-02  1.080057E-01  1.929947E+01
     5.0000    8.062246E-02  1.183452E-01  1.959902E+01
     5.0500    1.107955E-01  1.277151E-01  1.989975E+01
     5.1000    1.327211E-01  1.360396E-01  2.019902E+01
     5.1500    1.427705E-01  1.431908E-01  2.049699E+01
     5.2000    1.387843E-01  1.490538E-01  2.079373E+01
     5.2500    1.200314E-01  1.533252E-01  2.109191E+01
     5.3000    8.845409E-02  1.560883E-01  2.138866E+01
     5.3500    4.758237E-02  1.572837E-01  2.168381E+01
     5.4000    2.208829E-03  1.568733E-01  2.197707E+01
     5.4500   -4.254227E-02  1.546063E-01  2.226991E+01
     5.5000   -8.117270E-02  1.507218E-01  2.255988E+01
     5.5500   -1.096197E-01  1.452652E-01  2.284622E+01
     5.6000   -1.254870E-01  1.383116E-01  2.312791E+01
     5.6500   -1.281546E-01  1.297532E-01  2.340481E+01
     5.7000   -1.192459E-01  1.199893E-01  2.367332E+01
     5.7500   -1.019049E-01  1.092318E-01  2.393029E+01
     5.8000   -8.018731E-02  9.776438E-02  2.417096E+01
     5.8500   -5.821221E-02  8.593746E-02  2.438855E+01
     5.9000   -3.961361E-02  7.441869E-02  2.457142E+01
     5.9500   -2.660090E-02  6.407600E-02  2.470464E+01
     6.0000   -1.972247E-02  5.618347E-02  2.477406E+01
     6.0500   -1.774378E-02  5.238660E-02  2.478720E+01
     6.1000   -1.814549E-02  5.356812E-02  2.478717E+01
     6.1500   -1.772612E-02  5.924543E-02  2.482889E+01
     6.2000   -1.338235E-02  6.794807E-02  2.493450E+01
     6.2500   -2.852330E-03  7.821349E-02  2.509626E+01
     6.3000    1.471271E-02  8.898373E-02  2.529885E+01
     6.3500    3.846396E-02  9.955313E-02  2.552943E+01
     6.4000    6.591699E-02  1.094426E-01  2.577912E+01
     6.4500    9.335198E-02  1.183120E-01  2.604197E+01
     6.5000    1.164779E-01  1.259100E-01  2.631401E+01
     6.5500    1.307711E-01  1.315276E-01  2.659623E+01
     6.6000    1.333288E-01  1.354865E-01  2.688225E+01
     6.6500    1.229617E-01  1.377099E-01  2.717058E+01
     6.7000    1.004769E-01  1.381571E-01  2.746001E+01
     6.7500    6.857001E-02  1.368223E-01  2.774939E+01
     6.8000    3.136410E-02  1.337332E-01  2.803760E+01
     6.8500   -6.317612E-03  1.289520E-01  2.832335E+01
     6.9000   -3.980383E-02  1.225770E-01  2.860505E+01
     6.9500   -6.538825E-02  1.147465E-01  2.888066E+01
     7.0000   -8.094651E-02  1.056463E-01  2.914724E+01
     7.0500   -8.609528E-02  9.538003E-02  2.940023E+01
     7.1000   -8.262783E-02  8.453107E-02  2.963253E+01
     7.1500   -7.360982E-02  7.361441E-02  2.983396E+01
     7.2000   -6.273746E-02  6.339993E-02  2.998982E+01
     7.2500   -5.350156E-02  5.505411E-02  3.008318E+01
     7.3000   -4.841461E-02  5.015487E-02  3.010933E+01
     7.3500   -4.845967E-02  5.010400E-02  3.010203E+01
     7.4000   -5.287488E-02  5.500886E-02  3.012458E+01
     7.4500   -5.931982E-02  6.360225E-02  3.021419E+01
     7.5000   -6.439285E-02  7.433056E-02  3.036817E+01
     7.5500   -6.419262E-02  8.606466E-02  3.057409E+01
     7.6000   -5.558045E-02  9.789267E-02  3.081213E+01
     7.6500   -3.686637E-02  1.093045E-01  3.107190E+01
     7.7000   -8.298926E-03  1.199431E-01  3.134668E+01
     7.7500    2.779005E-02  1.295454E-01  3.163213E+01
     7.8000    6.725629E-02  1.379115E-01  3.192535E+01
     7.8500    1.047879E-01  1.448884E-01  3.222440E+01
     7.9000    1.348084E-01  1.503609E-01  3.252788E+01
     7.9500    1.524700E-01  1.542463E-01  3.283481E+01
     8.0000    1.545493E-01  1.564921E-01  3.314446E+01
     8.0500    1.398707E-01  1.569274E-01  3.345730E+01
     8.1000    1.101488E-01  1.556959E-01  3.377162E+01
     8.1500    6.927543E-02  1.528283E-01  3.408707E+01
     8.2000    2.278849E-02  1.483785E-01  3.440333E+01
     8.2500   -2.305311E-02  1.424216E-01  3.472010E+01
     8.3000   -6.231343E-02  1.350525E-01  3.503709E+01
     8.3500   -9.035009E-02  1.263841E-01  3.535398E+01
     8.4000   -1.045361E-01  1.165452E-01  3.567036E+01
     8.4500   -1.046059E-01  1.056786E-01  3.598571E+01
     8.5000   -9.257013E-02  9.393947E-02  3.629927E+01
     8.5500   -7.230348E-02  8.152998E-02  3.660867E+01
     8.6000   -4.857462E-02  6.859762E-02  3.691229E+01
     8.6500   -2.620805E-02  5.533253E-02  3.720569E+01
     8.7000   -9.165619E-03  4.195109E-02  3.747885E+01
     8.7500    1.469230E-04  2.874937E-02  3.770422E+01
     8.8000    1.242606E-03  1.640787E-02  3.777492E+01
     8.8500   -4.472379E-03  8.807055E-03  3.716646E+01
     8.9000   -1.409433E-02  1.498701E-02  3.647520E+01
     8.9500   -2.389903E-02  2.586696E-02  3.652091E+01
     9.0000   -3.015987E-02  3.685540E-02  3.674061E+01
     9.0500   -2.987918E-02  4.726461E-02  3.701476E+01
     9.1000   -2.156815E-02  5.684488E-02  3.730994E+01
     9.1500   -5.446746E-03  6.545976E-02  3.761581E+01
     9.2000    1.655234E-02  7.301369E-02  3.792780E+01
     9.2500    4.114647E-02  7.943720E-02  3.824359E+01
     9.3000    6.432711E-02  8.468200E-02  3.856186E+01
     9.3500    8.211981E-02  8.871902E-02  3.888177E+01
     9.4000    9.133128E-02  9.153739E-02  3.920279E+01
     9.4500    9.014122E-02  9.314367E-02  3.952450E+01
     9.5000    7.842946E-02  9.356106E-02  3.984660E+01
     9.5500    5.782179E-02  9.297031E-02  4.016949E+01
     9.6000    3.118688E-02  9.129107E-02  4.049206E+01
     9.6500    2.361273E-03  8.858476E-02  4.081405E+01
     9.7000   -2.464254E-02  8.492535E-02  4.113511E+01
     9.7500   -4.632932E-02  8.039828E-02  4.145483E+01
     9.8000   -6.029012E-02  7.509927E-02  4.177269E+01
     9.8500   -6.554557E-02  6.913323E-02  4.208793E+01
     9.9000   -6.260886E-02  6.261340E-02  4.239946E+01
     9.9500   -5.327004E-02  5.566104E-02  4.270567E+01
    10.0000   -4.015672E-02  4.840618E-02  4.300395E+01
    10.0500   -2.623277E-02  4.110451E-02  4.329014E+01
    10.1000   -1.397970E-02  3.378420E-02  4.355568E+01
    10.1500   -5.228282E-03  2.665902E-02  4.378490E+01
    10.2000   -7.482972E-04  2.007161E-02  4.394501E+01
    10.2500   -1.951367E-04  1.471356E-02  4.396903E+01
    10.3000   -2.292453E-03  1.200180E-02  4.379011E+01
    10.3500   -5.202004E-03  1.314211E-02  4.357533E+01
    10.4000   -6.995249E-03  1.689568E-02  4.355542E+01
    10.4500   -6.123257E-03  2.150029E-02  4.369350E+01
    10.5000   -1.785135E-03  2.610410E-02  4.391386E+01
    10.5500    5.880821E-03  3.034698E-02  4.417732E+01
    10.6000    1.581996E-02  3.405506E-02  4.446541E+01
    10.6500    2.628900E-02  3.713314E-02  4.476891E+01
    10.7000    3.523649E-02  3.952673E-02  4.508285E+01
    10.7500    4.075254E-02  4.120703E-02  4.540444E+01
    10.8000    4.149103E-02  4.216428E-02  4.573203E+01
    10.8500    3.697403E-02  4.240439E-02  4.606474E+01
    10.9000    2.771459E-02  4.194699E-02  4.640213E+01
    10.9500    1.513219E-02  4.082413E-02  4.674416E+01
    11.0000    1.279246E-03  3.907936E-02  4.709115E+01
    11.0500   -1.160646E-02  3.690421E-02  4.744382E+01
    11.1000   -2.150170E-02  3.422545E-02  4.780318E+01
    11.1500   -2.694637E-02  3.111155E-02  4.817128E+01
    11.2000   -2.736081E-02  2.764353E-02  4.855155E+01
    11.2500   -2.314586E-02  2.391989E-02  4.894978E+01
    11.3000   -1.558473E-02  2.006847E-02  4.937627E+01
    11.3500   -6.567904E-03  1.627532E-02  4.985009E+01
    11.4000    1.801800E-03  1.285488E-02  5.040611E+01
    11.4500    7.642998E-03  1.038598E-02  5.109247E+01
    11.5000    9.679610E-03  9.697340E-03  5.189676E+01
    11.5500    7.497129E-03  1.106065E-02  5.266228E+01
    11.6000    1.619999E-03  1.374202E-02  5.328891E+01
    11.6500   -6.604360E-03  1.695501E-02  5.380719E+01
    11.7000   -1.528982E-02  2.025960E-02  5.426226E+01
    11.7500   -2.240495E-02  2.342774E-02  5.468130E+01
    11.8000   -2.619480E-02  2.632913E-02  5.507893E+01
    11.8500   -2.554488E-02  2.888111E-02  5.546328E+01
    11.9000   -2.021413E-02  3.102811E-02  5.583914E+01
    11.9500   -1.089061E-02  3.273259E-02  5.620949E+01
    12.0000    9.397898E-04  3.397096E-02  5.657634E+01
    12.0500    1.338016E-02  3.483983E-02  5.694284E+01
    12.1000    2.426803E-02  3.524257E-02  5.730822E+01
    12.1500    3.174181E-02  3.518340E-02  5.767347E+01
    12.2000    3.456455E-02  3.467532E-02  5.803951E+01
    12.2500    3.235155E-02  3.373981E-02  5.840732E+01
    12.3000    2.562982E-02  3.240659E-02  5.877801E+01
    12.3500    1.572070E-02  3.071364E-02  5.915293E+01
    12.4000    4.472387E-03  2.870754E-02  5.953383E+01
    12.4500   -6.102222E-03  2.644442E-02  5.992312E+01
    12.5000   -1.420962E-02  2.399185E-02  6.032413E+01
    12.5500   -1.860640E-02  2.143268E-02  6.074169E+01
    12.6000   -1.881380E-02  1.887176E-02  6.118266E+01
    12.6500   -1.517793E-02  1.644702E-02  6.165647E+01
    12.7000   -8.768870E-03  1.434346E-02  6.217409E+01
    12.7500   -1.143583E-03  1.279618E-02  6.274236E+01
    12.8000    5.976467E-03  1.204191E-02  6.335119E+01
    12.8500    1.104718E-02  1.219149E-02  6.396592E+01
    12.9000    1.299591E-02  1.313246E-02  6.454699E+01
    12.9500    1.141250E-02  1.460409E-02  6.507644E+01
    13.0000    6.604261E-03  1.634188E-02  6.555742E+01
    13.0500   -5.143973E-04  1.816368E-02  6.600177E+01
    13.1000   -8.570448E-03  1.992654E-02  6.641805E+01
    13.1500   -1.604180E-02  2.153852E-02  6.681367E+01
    13.2000   -2.154342E-02  2.293764E-02  6.719379E+01
    13.2500   -2.407876E-02  2.408251E-02  6.756187E+01
    13.3000   -2.320386E-02  2.494673E-02  6.792025E+01
    13.3500   -1.907798E-02  2.551559E-02  6.827045E+01
    13.4000   -1.239846E-02  2.578395E-02  6.861340E+01
    13.4500   -4.240438E-03  2.575503E-02  6.894964E+01
    13.5000    4.160792E-03  2.543949E-02  6.927933E+01
    13.5500    1.163833E-02  2.485478E-02  6.960235E+01
    13.6000    1.728832E-02  2.402473E-02  6.991827E+01
    13.6500    2.059599E-02  2.297924E-02  7.022636E+01
    13.7000    2.147528E-02  2.175414E-02  7.052555E+01
    13.7500    2.022309E-02  2.039124E-02  7.081435E+01
    13.8000    1.740638E-02  1.893854E-02  7.109084E+01
    13.8500    1.371257E-02  1.745073E-02  7.135266E+01
    13.9000    9.798056E-03  1.598952E-02  7.159706E+01
    13.9500    6.166862E-03  1.462344E-02  7.182130E+01
    14.0000    3.101483E-03  1.342559E-02  7.202351E+01
    14.0500    6.438727E-04  1.252968E-02  7.220522E+01
    14.1000   -1.360839E-03  1.193081E-02  7.237094E+01
    14.1500   -3.140329E-03  1.164832E-02  7.252960E+01
    14.2000   -4.914753E-03  1.165840E-02  7.269180E+01
    14.2500   -6.812730E-03  1.189934E-02  7.286622E+01
    14.3000   -8.822573E-03  1.228926E-02  7.305743E+01
    14.3500   -1.078861E-02  1.274511E-02  7.326599E+01
    14.4000   -1.245045E-02  1.319479E-02  7.348994E+01
    14.4500   -1.351229E-02  1.358188E-02  7.372616E+01
    14.5000   -1.372273E-02  1.386593E-02  7.397127E+01
    14.5500   -1.294351E-02  1.402099E-02  7.422202E+01
    14.6000   -1.118980E-02  1.403392E-02  7.447535E+01
    14.6500   -8.632346E-03  1.390311E-02  7.472834E+01
    14.7000   -5.561840E-03  1.363771E-02  7.497815E+01
    14.7500   -2.325582E-03  1.325734E-02  7.522189E+01
    14.8000    7.468824E-04  1.279218E-02  7.545664E+01
    14.8500    3.410061E-03  1.228317E-02  7.567954E+01
    14.9000    5.544158E-03  1.178178E-02  7.588816E+01
    14.9500    7.162127E-03  1.134803E-02  7.608124E+01
    15.0000    8.381213E-03  1.104535E-02  7.625969E+01
    15.0500    9.375585E-03  1.094149E-02  7.642742E+01
    15.1000    1.028589E-02  1.106958E-02  7.659047E+01
    15.1500    1.119142E-02  1.144639E-02  7.675756E+01
    15.2000    1.204941E-02  1.205580E-02  7.693644E+01
    15.2500    1.268533E-02  1.285558E-02  7.713195E+01
    15.3000    1.282304E-02  1.378940E-02  7.734562E+01
    15.3500    1.214927E-02  1.479772E-02  7.757662E+01
    15.4000    1.039823E-02  1.582452E-02  7.782286E+01
    15.4500    7.436237E-03  1.682027E-02  7.808188E+01
    15.5000    3.325250E-03  1.774276E-02  7.835129E+01
    15.5500   -1.651814E-03  1.855686E-02  7.862895E+01
    15.6000   -7.012811E-03  1.923409E-02  7.891302E+01
    15.6500   -1.214352E-02  1.975217E-02  7.920194E+01
    15.7000   -1.639801E-02  2.009458E-02  7.949434E+01
    15.7500   -1.921224E-02  2.025035E-02  7.978903E+01
    15.8000   -2.020709E-02  2.021378E-02  8.008488E+01
    15.8500   -1.925919E-02  1.998439E-02  8.038083E+01
    15.9000   -1.652402E-02  1.956674E-02  8.067579E+01
    15.9500   -1.240643E-02  1.897048E-02  8.096857E+01
    16.0000   -7.484594E-03  1.821034E-02  8.125785E+01
    16.0500   -2.412195E-03  1.736463E-02  8.154204E+01
    16.1000    2.263597E-03  1.640153E-02  8.181986E+01
    16.1500    6.087552E-03  1.534935E-02  8.208922E+01
    16.2000    8.801610E-03  1.424259E-02  8.234758E+01
    16.2500    1.036463E-02  1.312275E-02  8.259193E+01
    16.3000    1.092671E-02  1.203915E-02  8.281894E+01
    16.3500    1.076626E-02  1.104901E-02  8.302549E+01
    16.4000    1.020599E-02  1.021514E-02  8.320988E+01
    16.4500    9.528007E-03  9.598758E-03  8.337370E+01
    16.5000    8.907543E-03  9.245778E-03  8.352353E+01
    16.5500    8.379965E-03  9.170611E-03  8.367050E+01
    16.6000    7.847211E-03  9.347950E-03  8.382672E+01
    16.6500    7.120425E-03  9.720184E-03  8.400096E+01
    16.7000    5.986928E-03  1.021509E-02  8.419678E+01
    16.7500    4.284103E-03  1.076203E-02  8.441358E+01
    16.8000    1.961362E-03  1.130067E-02  8.464856E+01
    16.8500   -8.854716E-04  1.178335E-02  8.489822E+01
    16.9000   -4.016243E-03  1.217438E-02  8.515919E+01
    16.9500   -7.085003E-03  1.244838E-02  8.542847E+01
    17.0000   -9.706167E-03  1.258863E-02  8.570345E+01
    17.0500   -1.153917E-02  1.258830E-02  8.598264E+01
    17.1000   -1.233595E-02  1.244281E-02  8.626265E+01
    17.1500   -1.202446E-02  1.215654E-02  8.654135E+01
    17.2000   -1.070670E-02  1.173993E-02  8.681648E+01
    17.2500   -8.633006E-03  1.120959E-02  8.708553E+01
    17.3000   -6.144602E-03  1.058893E-02  8.734551E+01
    17.3500   -3.598408E-03  9.909047E-03  8.759295E+01
    17.4000   -1.291971E-03  9.210011E-03  8.782385E+01
    17.4500    5.935241E-04  8.541994E-03  8.803413E+01
    17.5000    2.018847E-03  7.964947E-03  8.822086E+01
    17.5500    3.075253E-03  7.543949E-03  8.838447E+01
    17.6000    3.939435E-03  7.337012E-03  8.853138E+01
    17.6500    4.806706E-03  7.376802E-03  8.867428E+01
    17.7000    5.819727E-03  7.657077E-03  8.882798E+01
    17.7500    7.011474E-03  8.135598E-03  8.900345E+01
    17.8000    8.277896E-03  8.750796E-03  8.920513E+01
    17.8500    9.388683E-03  9.438855E-03  8.943224E+01
    17.9000    1.003524E-02  1.014327E-02  8.968146E+01
    17.9500    9.905712E-03  1.081764E-02  8.994894E+01
    18.0000    8.769656E-03  1.142520E-02  9.023114E+01
    18.0500    6.559908E-03  1.196695E-02  9.052601E+01
    18.1000    3.370472E-03  1.239215E-02  9.083073E+01
    18.1500   -4.736537E-04  1.268346E-02  9.114354E+01
    18.2000   -4.482387E-03  1.282853E-02  9.146313E+01
    18.2500   -8.084155E-03  1.281939E-02  9.178854E+01
    18.3000   -1.073387E-02  1.265213E-02  9.211911E+01
    18.3500   -1.202255E-02  1.232653E-02  9.245444E+01
    18.4000   -1.176431E-02  1.184581E-02  9.279435E+01
    18.4500   -1.004083E-02  1.121646E-02  9.313893E+01
    18.5000   -7.191926E-03  1.044800E-02  9.348856E+01
    18.5500   -3.752494E-03  9.552886E-03  9.384409E+01
    18.6000   -3.479860E-04  8.546401E-03  9.420705E+01
    18.6500    2.430186E-03  7.446891E-03  9.458020E+01
    18.7000    4.142991E-03  6.276497E-03  9.496870E+01
    18.7500    4.590501E-03  5.063491E-03  9.538291E+01
    18.8000    3.848156E-03  3.849602E-03  9.584599E+01
    18.8500    2.244456E-03  2.716031E-03  9.641674E+01
    18.9000    2.846959E-04  1.881684E-03  9.723749E+01
    18.9500   -1.462939E-03  1.822294E-03  9.832135E+01
    19.0000   -2.494248E-03  2.551805E-03  9.917296E+01
    19.0500   -2.491108E-03  3.582457E-03  9.976204E+01
    19.1000   -1.350857E-03  4.657044E-03  1.002367E+02
    19.1500    7.399547E-04  5.690741E-03  1.006614E+02
    19.2000    3.360239E-03  6.644136E-03  1.010612E+02
    19.2500    5.945257E-03  7.493361E-03  1.014473E+02
    19.3000    7.909725E-03  8.221790E-03  1.018254E+02
    19.3500    8.776194E-03  8.817313E-03  1.021984E+02
    19.4000    8.280630E-03  9.271329E-03  1.025683E+02
    19.4500    6.432122E-03  9.578318E-03  1.029363E+02
    19.5000    3.513777E-03  9.735651E-03  1.033033E+02
    19.5500    2.478991E-05  9.743465E-03  1.036700E+02
    19.6000   -3.423436E-03  9.604569E-03  1.040370E+02
    19.6500   -6.234258E-03  9.324338E-03  1.044049E+02
    19.7000   -7.948125E-03  8.910595E-03  1.047743E+02
    19.7500   -8.333826E-03  8.373488E-03  1.051460E+02
    19.8000   -7.429339E-03  7.725362E-03  1.055211E+02
    19.8500   -5.524259E-03  6.980680E-03  1.059011E+02
    19.9000   -3.088795E-03  6.156042E-03  1.062885E+02
    19.9500   -6.659656E-04  5.270490E-03  1.066875E+02
    20.0000    1.248462E-03  4.346538E-03  1.071055E+02
