 name:     iron                                                   Feff 8.20
 formula:  Fe
 sites:    Fe1
 refer1:   Kittel, ISSP
 refer2:
 schoen:
 notes1:   metal, bcc
 POT  Non-SCF, core-hole, AFOLP (folp(0)= 1.150)
 Abs   Z=26 Rmt= 1.347 Rnm= 1.395 K  shell
 Pot 1 Z=26 Rmt= 1.358 Rnm= 1.408
 Gam_ch=1.309E+00 H-L exch Vi= 2.000E+00 Vr= 0.000E+00
 Mu=-5.451E+00 kf=2.045E+00 Vint=-2.138E+01 Rs_int= 1.773
 PATH  Rmax= 5.468,  Keep_limit= 0.00, Heap_limit 0.00  Pwcrit= 2.50%
 Path    9      icalc       2
 -----------------------------------------------------------------------
   2   8.000   4.9710    2.6602   -5.45080 nleg, deg, reff, rnrmav(bohr), edge
        x         y         z   pot at#
     0.0000    0.0000    0.0000  0  26 Fe       absorbing atom
    -2.8700   -2.8700   -2.8700  1  26 Fe    
    k   real[2*phc]   mag[feff]  phase[feff] red factor   lambda     real[p]@#
  0.000  3.0684E+00  0.0000E+00 -1.4911E+00  1.033E+00  5.8907E+00  2.0521E+00
  0.100  3.0679E+00  4.4593E-02 -2.4626E+00  1.033E+00  5.8974E+00  2.0544E+00
  0.200  3.0665E+00  8.8370E-02 -3.3887E+00  1.034E+00  5.9171E+00  2.0613E+00
  0.300  3.0642E+00  1.3056E-01 -4.2702E+00  1.034E+00  5.9493E+00  2.0729E+00
  0.400  3.0609E+00  1.7047E-01 -5.1079E+00  1.035E+00  5.9931E+00  2.0889E+00
  0.500  3.0567E+00  2.0755E-01 -5.9028E+00  1.035E+00  6.0471E+00  2.1093E+00
  0.600  3.0513E+00  2.4137E-01 -6.6563E+00  1.036E+00  6.1096E+00  2.1341E+00
  0.700  3.0448E+00  2.7164E-01 -7.3697E+00  1.038E+00  6.1788E+00  2.1630E+00
  0.800  3.0370E+00  2.9822E-01 -8.0445E+00  1.039E+00  6.2524E+00  2.1960E+00
  0.900  3.0279E+00  3.2105E-01 -8.6819E+00  1.041E+00  6.3281E+00  2.2330E+00
  1.000  3.0173E+00  3.4018E-01 -9.2832E+00  1.043E+00  6.4036E+00  2.2737E+00
  1.100  3.0050E+00  3.5570E-01 -9.8493E+00  1.045E+00  6.4765E+00  2.3181E+00
  1.200  2.9909E+00  3.6774E-01 -1.0381E+01  1.048E+00  6.5445E+00  2.3660E+00
  1.300  2.9748E+00  3.7640E-01 -1.0880E+01  1.051E+00  6.6057E+00  2.4174E+00
  1.400  2.9564E+00  3.8180E-01 -1.1345E+01  1.055E+00  6.6587E+00  2.4721E+00
  1.500  2.9355E+00  3.8404E-01 -1.1776E+01  1.059E+00  6.7022E+00  2.5301E+00
  1.600  2.9118E+00  3.8318E-01 -1.2175E+01  1.063E+00  6.7361E+00  2.5914E+00
  1.700  2.8850E+00  3.7927E-01 -1.2539E+01  1.068E+00  6.7607E+00  2.6560E+00
  1.800  2.8546E+00  3.7238E-01 -1.2869E+01  1.073E+00  6.7774E+00  2.7237E+00
  1.900  2.8202E+00  3.6257E-01 -1.3161E+01  1.079E+00  6.7886E+00  2.7948E+00
  2.000  2.7815E+00  3.4995E-01 -1.3414E+01  1.085E+00  6.7975E+00  2.8691E+00
  2.200  2.6889E+00  3.1720E-01 -1.3786E+01  1.095E+00  6.8278E+00  3.0283E+00
  2.400  2.5520E+00  2.6508E-01 -1.3860E+01  1.096E+00  6.9286E+00  3.2129E+00
  2.600  2.4317E+00  2.4024E-01 -1.4027E+01  1.240E+00  5.0938E+00  3.3918E+00
  2.800  2.4193E+00  2.3279E-01 -1.4459E+01  1.292E+00  4.5581E+00  3.5259E+00
  3.000  2.3939E+00  2.4133E-01 -1.4784E+01  1.314E+00  4.3101E+00  3.6622E+00
  3.200  2.3447E+00  2.7227E-01 -1.5026E+01  1.320E+00  4.2069E+00  3.8076E+00
  3.400  2.2818E+00  3.2814E-01 -1.5270E+01  1.307E+00  4.1856E+00  3.9586E+00
  3.600  2.2098E+00  3.9723E-01 -1.5527E+01  1.295E+00  4.2168E+00  4.1147E+00
  3.800  2.1308E+00  4.7206E-01 -1.5790E+01  1.273E+00  4.2845E+00  4.2755E+00
  4.000  2.0462E+00  5.4658E-01 -1.6044E+01  1.253E+00  4.3795E+00  4.4403E+00
  4.200  1.9585E+00  6.1644E-01 -1.6287E+01  1.232E+00  4.4957E+00  4.6088E+00
  4.400  1.8686E+00  6.7836E-01 -1.6512E+01  1.211E+00  4.6292E+00  4.7805E+00
  4.600  1.7765E+00  7.3344E-01 -1.6722E+01  1.192E+00  4.7770E+00  4.9551E+00
  4.800  1.6842E+00  7.7913E-01 -1.6916E+01  1.173E+00  4.9371E+00  5.1322E+00
  5.000  1.5918E+00  8.1774E-01 -1.7097E+01  1.156E+00  5.1079E+00  5.3115E+00
  5.200  1.4993E+00  8.4942E-01 -1.7264E+01  1.139E+00  5.2881E+00  5.4928E+00
  5.400  1.4072E+00  8.7335E-01 -1.7418E+01  1.124E+00  5.4768E+00  5.6758E+00
  5.600  1.3152E+00  8.9079E-01 -1.7562E+01  1.110E+00  5.6730E+00  5.8604E+00
  5.800  1.2237E+00  9.0157E-01 -1.7696E+01  1.097E+00  5.8762E+00  6.0463E+00
  6.000  1.1327E+00  9.0638E-01 -1.7821E+01  1.085E+00  6.0857E+00  6.2335E+00
  6.500  9.0857E-01  8.9087E-01 -1.8103E+01  1.059E+00  6.6346E+00  6.7058E+00
  7.000  6.9179E-01  8.4779E-01 -1.8352E+01  1.038E+00  7.2149E+00  7.1833E+00
  7.500  4.8515E-01  7.9128E-01 -1.8579E+01  1.021E+00  7.8226E+00  7.6648E+00
  8.000  2.8944E-01  7.2908E-01 -1.8789E+01  1.007E+00  8.4546E+00  8.1493E+00
  8.500  1.0193E-01  6.6378E-01 -1.8988E+01  9.926E-01  9.1085E+00  8.6362E+00
  9.000 -8.1956E-02  5.9938E-01 -1.9180E+01  9.774E-01  9.7826E+00  9.1250E+00
  9.500 -2.6213E-01  5.3960E-01 -1.9364E+01  9.649E-01  1.0475E+01  9.6154E+00
 10.000 -4.3562E-01  4.8699E-01 -1.9542E+01  9.553E-01  1.1185E+01  1.0107E+01
 11.000 -7.6014E-01  3.9846E-01 -1.9872E+01  9.431E-01  1.2653E+01  1.1093E+01
 12.000 -1.0594E+00  3.2668E-01 -2.0182E+01  9.355E-01  1.4178E+01  1.2082E+01
 13.000 -1.3345E+00  2.7206E-01 -2.0470E+01  9.316E-01  1.5756E+01  1.3074E+01
 14.000 -1.5878E+00  2.2772E-01 -2.0738E+01  9.298E-01  1.7381E+01  1.4067E+01
 15.000 -1.8230E+00  1.9436E-01 -2.0976E+01  9.290E-01  1.9051E+01  1.5061E+01
 16.000 -2.0401E+00  1.6864E-01 -2.1188E+01  9.295E-01  2.0760E+01  1.6056E+01
 17.000 -2.2429E+00  1.4886E-01 -2.1381E+01  9.301E-01  2.2508E+01  1.7051E+01
 18.000 -2.4316E+00  1.3232E-01 -2.1563E+01  9.311E-01  2.4291E+01  1.8048E+01
 19.000 -2.6077E+00  1.1947E-01 -2.1732E+01  9.322E-01  2.6106E+01  1.9045E+01
 20.000 -2.7733E+00  1.0957E-01 -2.1877E+01  9.328E-01  2.7953E+01  2.0042E+01
