 name:     iron                                                   Feff 8.20
 formula:  Fe
 sites:    Fe1
 refer1:   Kittel, ISSP
 refer2:
 schoen:
 notes1:   metal, bcc
 POT  Non-SCF, core-hole, AFOLP (folp(0)= 1.150)
 Abs   Z=26 Rmt= 1.347 Rnm= 1.395 K  shell
 Pot 1 Z=26 Rmt= 1.358 Rnm= 1.408
 Gam_ch=1.309E+00 H-L exch
 Mu=-5.451E+00 kf=2.045E+00 Vint=-2.138E+01 Rs_int= 1.773
 PATH  Rmax= 5.468,  Keep_limit= 0.00, Heap_limit 0.00  Pwcrit= 2.50%
 Path   21      icalc       2
 -----------------------------------------------------------------------
   4  24.000   5.3555    2.6602   -5.45080 nleg, deg, reff, rnrmav(bohr), edge
        x         y         z   pot at#
     0.0000    0.0000    0.0000  0  26 Fe       absorbing atom
     1.4350   -1.4350   -1.4350  1  26 Fe    
     1.4350   -4.3050   -1.4350  1  26 Fe    
     1.4350   -1.4350   -1.4350  1  26 Fe    
    k   real[2*phc]   mag[feff]  phase[feff] red factor   lambda     real[p]@#
  0.000  3.0656E+00  0.0000E+00 -8.3919E-01  1.008E+00  2.3816E+01  2.0455E+00
  0.100  3.0651E+00  7.0863E-03 -1.8853E+00  1.008E+00  2.3843E+01  2.0478E+00
  0.200  3.0638E+00  1.3837E-02 -2.8816E+00  1.008E+00  2.3921E+01  2.0548E+00
  0.300  3.0615E+00  1.9966E-02 -3.8291E+00  1.008E+00  2.4043E+01  2.0665E+00
  0.400  3.0583E+00  2.5271E-02 -4.7289E+00  1.008E+00  2.4194E+01  2.0826E+00
  0.500  3.0540E+00  2.9649E-02 -5.5825E+00  1.009E+00  2.4357E+01  2.1033E+00
  0.600  3.0487E+00  3.3088E-02 -6.3916E+00  1.009E+00  2.4509E+01  2.1282E+00
  0.700  3.0423E+00  3.5646E-02 -7.1579E+00  1.009E+00  2.4625E+01  2.1574E+00
  0.800  3.0345E+00  3.7428E-02 -7.8830E+00  1.010E+00  2.4678E+01  2.1906E+00
  0.900  3.0255E+00  3.8552E-02 -8.5684E+00  1.011E+00  2.4644E+01  2.2277E+00
  1.000  3.0149E+00  3.9139E-02 -9.2154E+00  1.012E+00  2.4501E+01  2.2687E+00
  1.100  3.0027E+00  3.9297E-02 -9.8251E+00  1.013E+00  2.4235E+01  2.3133E+00
  1.200  2.9887E+00  3.9115E-02 -1.0398E+01  1.015E+00  2.3840E+01  2.3614E+00
  1.300  2.9727E+00  3.8663E-02 -1.0936E+01  1.017E+00  2.3319E+01  2.4130E+00
  1.400  2.9544E+00  3.7993E-02 -1.1438E+01  1.019E+00  2.2685E+01  2.4679E+00
  1.500  2.9337E+00  3.7140E-02 -1.1905E+01  1.022E+00  2.1959E+01  2.5261E+00
  1.600  2.9101E+00  3.6128E-02 -1.2337E+01  1.025E+00  2.1168E+01  2.5876E+00
  1.700  2.8834E+00  3.4972E-02 -1.2733E+01  1.029E+00  2.0342E+01  2.6523E+00
  1.800  2.8531E+00  3.3679E-02 -1.3093E+01  1.033E+00  1.9512E+01  2.7202E+00
  1.900  2.8190E+00  3.2252E-02 -1.3416E+01  1.037E+00  1.8707E+01  2.7914E+00
  2.000  2.7805E+00  3.0691E-02 -1.3701E+01  1.042E+00  1.7955E+01  2.8659E+00
  2.200  2.6884E+00  2.7116E-02 -1.4147E+01  1.050E+00  1.6709E+01  3.0253E+00
  2.400  2.5506E+00  2.2318E-02 -1.4389E+01  1.050E+00  1.5952E+01  3.2103E+00
  2.600  2.4322E+00  2.2482E-02 -1.4570E+01  1.190E+00  8.3993E+00  3.3882E+00
  2.800  2.4204E+00  1.7078E-02 -1.5076E+01  1.240E+00  6.8915E+00  3.5221E+00
  3.000  2.3954E+00  1.1115E-02 -1.5517E+01  1.262E+00  6.2300E+00  3.6583E+00
  3.200  2.3462E+00  5.8004E-03 -1.5809E+01  1.268E+00  5.9194E+00  3.8039E+00
  3.400  2.2834E+00  1.5867E-03 -1.5344E+01  1.257E+00  5.7884E+00  3.9551E+00
  3.600  2.2115E+00  3.4327E-03 -1.3874E+01  1.248E+00  5.7639E+00  4.1116E+00
  3.800  2.1323E+00  6.2839E-03 -1.3858E+01  1.228E+00  5.8097E+00  4.2726E+00
  4.000  2.0476E+00  8.2205E-03 -1.3902E+01  1.212E+00  5.9056E+00  4.4377E+00
  4.200  1.9597E+00  9.4705E-03 -1.3878E+01  1.193E+00  6.0396E+00  4.6064E+00
  4.400  1.8696E+00  1.0667E-02 -1.3774E+01  1.175E+00  6.2038E+00  4.7784E+00
  4.600  1.7775E+00  1.2718E-02 -1.3637E+01  1.159E+00  6.3927E+00  4.9532E+00
  4.800  1.6850E+00  1.5879E-02 -1.3534E+01  1.142E+00  6.6025E+00  5.1304E+00
  5.000  1.5925E+00  2.0139E-02 -1.3497E+01  1.127E+00  6.8305E+00  5.3099E+00
  5.200  1.4999E+00  2.5057E-02 -1.3519E+01  1.113E+00  7.0744E+00  5.4914E+00
  5.400  1.4077E+00  2.9826E-02 -1.3571E+01  1.099E+00  7.3326E+00  5.6745E+00
  5.600  1.3157E+00  3.4331E-02 -1.3650E+01  1.087E+00  7.6038E+00  5.8592E+00
  5.800  1.2242E+00  3.8122E-02 -1.3744E+01  1.075E+00  7.8870E+00  6.0453E+00
  6.000  1.1332E+00  4.1044E-02 -1.3846E+01  1.064E+00  8.1812E+00  6.2325E+00
  6.500  9.0895E-01  4.3730E-02 -1.4123E+01  1.040E+00  8.9608E+00  6.7051E+00
  7.000  6.9206E-01  4.1106E-02 -1.4405E+01  1.022E+00  9.7970E+00  7.1827E+00
  7.500  4.8532E-01  3.5557E-02 -1.4669E+01  1.007E+00  1.0684E+01  7.6643E+00
  8.000  2.8954E-01  2.8945E-02 -1.4907E+01  9.947E-01  1.1618E+01  8.1489E+00
  8.500  1.0199E-01  2.2532E-02 -1.5117E+01  9.815E-01  1.2595E+01  8.6358E+00
  9.000 -8.1936E-02  1.7202E-02 -1.5292E+01  9.675E-01  1.3613E+01  9.1247E+00
  9.500 -2.6216E-01  1.3212E-02 -1.5427E+01  9.561E-01  1.4670E+01  9.6151E+00
 10.000 -4.3569E-01  1.0403E-02 -1.5532E+01  9.474E-01  1.5764E+01  1.0107E+01
 11.000 -7.6022E-01  6.9474E-03 -1.5700E+01  9.366E-01  1.8059E+01  1.1093E+01
 12.000 -1.0595E+00  5.0966E-03 -1.5846E+01  9.301E-01  2.0489E+01  1.2082E+01
 13.000 -1.3346E+00  4.1330E-03 -1.5922E+01  9.270E-01  2.3046E+01  1.3074E+01
 14.000 -1.5879E+00  4.5010E-03 -1.6116E+01  9.259E-01  2.5724E+01  1.4067E+01
 15.000 -1.8230E+00  4.5776E-03 -1.6781E+01  9.256E-01  2.8519E+01  1.5061E+01
 16.000 -2.0402E+00  2.8382E-03 -1.7606E+01  9.265E-01  3.1426E+01  1.6056E+01
 17.000 -2.2429E+00  6.8455E-04 -1.7645E+01  9.275E-01  3.4440E+01  1.7051E+01
 18.000 -2.4316E+00  1.6273E-03 -1.6823E+01  9.287E-01  3.7558E+01  1.8048E+01
 19.000 -2.6077E+00  2.6088E-03 -1.7471E+01  9.301E-01  4.0778E+01  1.9044E+01
 20.000 -2.7733E+00  3.0466E-03 -1.8221E+01  9.309E-01  4.4095E+01  2.0042E+01
