 name:     iron                                                   Feff 8.20
 formula:  Fe
 sites:    Fe1
 refer1:   Kittel, ISSP
 refer2:
 schoen:
 notes1:   metal, bcc
 POT  Non-SCF, core-hole, AFOLP (folp(0)= 1.150)
 Abs   Z=26 Rmt= 1.347 Rnm= 1.395 K  shell
 Pot 1 Z=26 Rmt= 1.358 Rnm= 1.408
 Gam_ch=1.309E+00 H-L exch
 Mu=-5.451E+00 kf=2.045E+00 Vint=-2.138E+01 Rs_int= 1.773
 PATH  Rmax= 5.468,  Keep_limit= 0.00, Heap_limit 0.00  Pwcrit= 2.50%
 Path   18      icalc       2
 -----------------------------------------------------------------------
   3  48.000   5.0574    2.6602   -5.45080 nleg, deg, reff, rnrmav(bohr), edge
        x         y         z   pot at#
     0.0000    0.0000    0.0000  0  26 Fe       absorbing atom
     4.3050    1.4350    1.4350  1  26 Fe    
     1.4350    1.4350    1.4350  1  26 Fe    
    k   real[2*phc]   mag[feff]  phase[feff] red factor   lambda     real[p]@#
  0.000  3.0656E+00  0.0000E+00 -4.7737E+00  1.008E+00  2.3816E+01  2.0455E+00
  0.100  3.0651E+00  1.6738E-02 -5.7621E+00  1.008E+00  2.3843E+01  2.0478E+00
  0.200  3.0638E+00  3.2937E-02 -6.7046E+00  1.008E+00  2.3921E+01  2.0548E+00
  0.300  3.0615E+00  4.8118E-02 -7.6018E+00  1.008E+00  2.4043E+01  2.0665E+00
  0.400  3.0583E+00  6.1903E-02 -8.4549E+00  1.008E+00  2.4194E+01  2.0826E+00
  0.500  3.0540E+00  7.4045E-02 -9.2651E+00  1.009E+00  2.4357E+01  2.1033E+00
  0.600  3.0487E+00  8.4422E-02 -1.0034E+01  1.009E+00  2.4509E+01  2.1282E+00
  0.700  3.0423E+00  9.3025E-02 -1.0762E+01  1.009E+00  2.4625E+01  2.1574E+00
  0.800  3.0345E+00  9.9924E-02 -1.1453E+01  1.010E+00  2.4678E+01  2.1906E+00
  0.900  3.0255E+00  1.0524E-01 -1.2106E+01  1.011E+00  2.4644E+01  2.2277E+00
  1.000  3.0149E+00  1.0912E-01 -1.2723E+01  1.012E+00  2.4501E+01  2.2687E+00
  1.100  3.0027E+00  1.1171E-01 -1.3305E+01  1.013E+00  2.4235E+01  2.3133E+00
  1.200  2.9887E+00  1.1315E-01 -1.3854E+01  1.015E+00  2.3840E+01  2.3614E+00
  1.300  2.9727E+00  1.1355E-01 -1.4369E+01  1.017E+00  2.3319E+01  2.4130E+00
  1.400  2.9544E+00  1.1302E-01 -1.4851E+01  1.019E+00  2.2685E+01  2.4679E+00
  1.500  2.9337E+00  1.1164E-01 -1.5301E+01  1.022E+00  2.1959E+01  2.5261E+00
  1.600  2.9101E+00  1.0946E-01 -1.5719E+01  1.025E+00  2.1168E+01  2.5876E+00
  1.700  2.8834E+00  1.0653E-01 -1.6103E+01  1.029E+00  2.0342E+01  2.6523E+00
  1.800  2.8531E+00  1.0291E-01 -1.6454E+01  1.033E+00  1.9512E+01  2.7202E+00
  1.900  2.8190E+00  9.8622E-02 -1.6771E+01  1.037E+00  1.8707E+01  2.7914E+00
  2.000  2.7805E+00  9.3717E-02 -1.7053E+01  1.042E+00  1.7955E+01  2.8659E+00
  2.200  2.6884E+00  8.2147E-02 -1.7500E+01  1.050E+00  1.6709E+01  3.0253E+00
  2.400  2.5506E+00  6.7270E-02 -1.7739E+01  1.050E+00  1.5952E+01  3.2103E+00
  2.600  2.4322E+00  6.3313E-02 -1.7971E+01  1.190E+00  8.3993E+00  3.3882E+00
  2.800  2.4204E+00  5.0791E-02 -1.8539E+01  1.240E+00  6.8915E+00  3.5221E+00
  3.000  2.3954E+00  3.6657E-02 -1.9085E+01  1.262E+00  6.2300E+00  3.6583E+00
  3.200  2.3462E+00  2.3781E-02 -1.9625E+01  1.268E+00  5.9194E+00  3.8039E+00
  3.400  2.2834E+00  1.2976E-02 -2.0384E+01  1.257E+00  5.7884E+00  3.9551E+00
  3.600  2.2115E+00  1.1841E-02 -2.1818E+01  1.248E+00  5.7639E+00  4.1116E+00
  3.800  2.1323E+00  2.2224E-02 -2.2639E+01  1.228E+00  5.8097E+00  4.2726E+00
  4.000  2.0476E+00  3.5612E-02 -2.3061E+01  1.212E+00  5.9056E+00  4.4377E+00
  4.200  1.9597E+00  4.9572E-02 -2.3374E+01  1.193E+00  6.0396E+00  4.6064E+00
  4.400  1.8696E+00  6.3074E-02 -2.3643E+01  1.175E+00  6.2038E+00  4.7784E+00
  4.600  1.7775E+00  7.6401E-02 -2.3893E+01  1.159E+00  6.3927E+00  4.9532E+00
  4.800  1.6850E+00  8.8177E-02 -2.4124E+01  1.142E+00  6.6025E+00  5.1304E+00
  5.000  1.5925E+00  9.9024E-02 -2.4344E+01  1.127E+00  6.8305E+00  5.3099E+00
  5.200  1.4999E+00  1.0870E-01 -2.4555E+01  1.113E+00  7.0744E+00  5.4914E+00
  5.400  1.4077E+00  1.1634E-01 -2.4750E+01  1.099E+00  7.3326E+00  5.6745E+00
  5.600  1.3157E+00  1.2254E-01 -2.4939E+01  1.087E+00  7.6038E+00  5.8592E+00
  5.800  1.2242E+00  1.2700E-01 -2.5120E+01  1.075E+00  7.8870E+00  6.0453E+00
  6.000  1.1332E+00  1.2991E-01 -2.5292E+01  1.064E+00  8.1812E+00  6.2325E+00
  6.500  9.0895E-01  1.2999E-01 -2.5699E+01  1.040E+00  8.9608E+00  6.7051E+00
  7.000  6.9206E-01  1.2246E-01 -2.6075E+01  1.022E+00  9.7970E+00  7.1827E+00
  7.500  4.8532E-01  1.1009E-01 -2.6420E+01  1.007E+00  1.0684E+01  7.6643E+00
  8.000  2.8954E-01  9.5269E-02 -2.6738E+01  9.947E-01  1.1618E+01  8.1489E+00
  8.500  1.0199E-01  7.9869E-02 -2.7032E+01  9.815E-01  1.2595E+01  8.6358E+00
  9.000 -8.1936E-02  6.5192E-02 -2.7293E+01  9.675E-01  1.3613E+01  9.1247E+00
  9.500 -2.6216E-01  5.1653E-02 -2.7514E+01  9.561E-01  1.4670E+01  9.6151E+00
 10.000 -4.3569E-01  3.9846E-02 -2.7686E+01  9.474E-01  1.5764E+01  1.0107E+01
 11.000 -7.6022E-01  2.3826E-02 -2.7811E+01  9.366E-01  1.8059E+01  1.1093E+01
 12.000 -1.0595E+00  1.8808E-02 -2.7702E+01  9.301E-01  2.0489E+01  1.2082E+01
 13.000 -1.3346E+00  1.9543E-02 -2.7752E+01  9.270E-01  2.3046E+01  1.3074E+01
 14.000 -1.5879E+00  2.0338E-02 -2.8003E+01  9.259E-01  2.5724E+01  1.4067E+01
 15.000 -1.8230E+00  1.9498E-02 -2.8332E+01  9.256E-01  2.8519E+01  1.5061E+01
 16.000 -2.0402E+00  1.7719E-02 -2.8666E+01  9.265E-01  3.1426E+01  1.6056E+01
 17.000 -2.2429E+00  1.5597E-02 -2.8990E+01  9.275E-01  3.4440E+01  1.7051E+01
 18.000 -2.4316E+00  1.3312E-02 -2.9305E+01  9.287E-01  3.7558E+01  1.8048E+01
 19.000 -2.6077E+00  1.1259E-02 -2.9599E+01  9.301E-01  4.0778E+01  1.9044E+01
 20.000 -2.7733E+00  9.5296E-03 -2.9885E+01  9.309E-01  4.4095E+01  2.0042E+01
