# name:     iron                                                 Feff 8.20   
# formula:  Fe
# sites:    Fe1
# refer1:   Kittel, ISSP
# refer2:
# schoen:
# notes1:   metal, bcc
# POT  Non-SCF, core-hole, AFOLP (folp(0)= 1.150)
# Abs   Z=26 Rmt= 1.347 Rnm= 1.395 K  shell
# Pot 1 Z=26 Rmt= 1.358 Rnm= 1.408
# Gam_ch=1.309E+00 H-L exch Vi= 2.000E+00 Vr= 0.000E+00
# Mu=-5.451E+00 kf=2.045E+00 Vint=-2.138E+01 Rs_int= 1.773
# PATH  Rmax= 5.468,  Keep_limit= 0.00, Heap_limit 0.00  Pwcrit= 2.50%
#  S02=0.944                                        Global_sig2= 0.00000
#  Curved wave amplitude ratio filter   4.000%
#     file         sig2 tot  cw amp ratio   deg  nlegs   reff  inp sig2
#           1       0.00000    100.00      8.00     2   2.4855
#           2       0.00000     51.86      6.00     2   2.8700
#           3       0.00000     13.22     48.00     3   3.9205
#           4       0.00000     39.56     12.00     2   4.0588
#           5       0.00000      4.94     24.00     3   4.5149
#           6       0.00000     12.37     48.00     3   4.5149
#           7       0.00000     48.97     24.00     2   4.7594
#           8       0.00000      6.29     48.00     3   4.8994
#           9       0.00000     14.25      8.00     2   4.9710
#          10       0.00000      6.67      8.00     3   4.9710
#          11       0.00000     45.94     16.00     3   4.9710
#          12       0.00000      9.75      8.00     4   4.9710
#          14       0.00000     41.22      8.00     4   4.9710
#          15       0.00000     11.17     48.00     3   5.0574
#          16       0.00000     12.24     48.00     3   5.0574
#          17       0.00000     12.37     48.00     3   5.0574
#    16/  18 paths used
#  xsedge+50, used to normalize mu           3.2002E-04
#  -----------------------------------------------------------------------
#  omega    e    k    mu    mu0     chi     @#
    7117.337     -5.451   0.000  2.56767E-01  4.28617E-01 -2.16653E-01
    7117.346     -5.441   0.050  2.58799E-01  4.30474E-01 -2.16301E-01
    7117.375     -5.413   0.100  2.60839E-01  4.32331E-01 -2.15939E-01
    7117.422     -5.365   0.150  2.67246E-01  4.38154E-01 -2.14815E-01
    7117.489     -5.298   0.200  2.73720E-01  4.43977E-01 -2.13610E-01
    7117.575     -5.213   0.250  2.84586E-01  4.53625E-01 -2.11457E-01
    7117.679     -5.108   0.300  2.95636E-01  4.63273E-01 -2.09086E-01
    7117.803     -4.984   0.350  3.11153E-01  4.76562E-01 -2.05482E-01
    7117.946     -4.841   0.400  3.27020E-01  4.89851E-01 -2.01473E-01
    7118.108     -4.679   0.450  3.47156E-01  5.06264E-01 -1.95889E-01
    7118.289     -4.498   0.500  3.67834E-01  5.22677E-01 -1.89698E-01
    7118.489     -4.298   0.550  3.92209E-01  5.41294E-01 -1.81591E-01
    7118.708     -4.079   0.600  4.17299E-01  5.59911E-01 -1.72709E-01
    7118.946     -3.841   0.650  4.45176E-01  5.79522E-01 -1.61654E-01
    7119.203     -3.584   0.700  4.73873E-01  5.99134E-01 -1.49759E-01
    7119.480     -3.308   0.750  5.04358E-01  6.18569E-01 -1.35600E-01
    7119.775     -3.012   0.800  5.35635E-01  6.38005E-01 -1.20704E-01
    7120.089     -2.698   0.850  5.67824E-01  6.56405E-01 -1.03687E-01
    7120.423     -2.365   0.900  6.00594E-01  6.74805E-01 -8.62407E-02
    7120.775     -2.012   0.950  6.33548E-01  6.91701E-01 -6.70779E-02
    7121.147     -1.641   1.000  6.66683E-01  7.08598E-01 -4.79914E-02
    7121.537     -1.250   1.050  6.99417E-01  7.23900E-01 -2.78236E-02
    7121.947     -0.841   1.100  7.31773E-01  7.39202E-01 -8.38072E-03
    7122.375     -0.412   1.150  7.63104E-01  7.52954E-01  1.13667E-02
    7122.823      0.036   1.200  7.93420E-01  7.66706E-01  2.97014E-02
    7123.290      0.502   1.250  8.22101E-01  7.79049E-01  4.75329E-02
    7123.775      0.988   1.300  8.49152E-01  7.91392E-01  6.33299E-02
    7124.280      1.493   1.350  8.73969E-01  8.02464E-01  7.78903E-02
    7124.804      2.017   1.400  8.96631E-01  8.13535E-01  8.99303E-02
    7125.347      2.560   1.450  9.16498E-01  8.23426E-01  1.00126E-01
    7125.909      3.122   1.500  9.33800E-01  8.33317E-01  1.07458E-01
    7126.490      3.703   1.550  9.47843E-01  8.42125E-01  1.12453E-01
    7127.090      4.303   1.600  9.59002E-01  8.50934E-01  1.14346E-01
    7127.709      4.922   1.650  9.66464E-01  8.58709E-01  1.13491E-01
    7128.347      5.560   1.700  9.70815E-01  8.66483E-01  1.09384E-01
    7129.005      6.217   1.750  9.71159E-01  8.73286E-01  1.02219E-01
    7129.681      6.894   1.800  9.68365E-01  8.80089E-01  9.18460E-02
    7130.376      7.589   1.850  9.61455E-01  8.85913E-01  7.83608E-02
    7131.091      8.303   1.900  9.51854E-01  8.91737E-01  6.21742E-02
    7131.824      9.037   1.950  9.38676E-01  8.96648E-01  4.33724E-02
    7132.576      9.789   2.000  9.24096E-01  9.01559E-01  2.32078E-02
    7133.348     10.561   2.050  9.06036E-01  9.05072E-01  9.91430E-04
    7134.139     11.351   2.100  8.88757E-01  9.08585E-01 -2.03824E-02
    7134.948     12.161   2.150  8.74005E-01  9.12099E-01 -3.91223E-02
    7135.777     12.990   2.200  8.63302E-01  9.15612E-01 -5.36755E-02
    7136.625     13.837   2.250  8.52708E-01  9.17018E-01 -6.61018E-02
    7137.491     14.704   2.300  8.49813E-01  9.18424E-01 -7.06438E-02
    7138.377     15.590   2.350  8.54504E-01  9.19830E-01 -6.73772E-02
    7139.282     16.495   2.400  8.65563E-01  9.21236E-01 -5.75209E-02
    7140.206     17.419   2.450  8.83318E-01  9.26710E-01 -4.47824E-02
    7141.149     18.362   2.500  9.03863E-01  9.32183E-01 -2.91961E-02
    7142.111     19.324   2.550  9.25132E-01  9.37657E-01 -1.28979E-02
    7143.092     20.305   2.600  9.45322E-01  9.43131E-01  2.25422E-03
    7144.092     21.305   2.650  9.61674E-01  9.46370E-01  1.57100E-02
    7145.111     22.324   2.700  9.75662E-01  9.49610E-01  2.66890E-02
    7146.150     23.362   2.750  9.86699E-01  9.52849E-01  3.46058E-02
    7147.207     24.419   2.800  9.94683E-01  9.56089E-01  3.93752E-02
    7148.283     25.496   2.850  9.98532E-01  9.58216E-01  4.10615E-02
    7149.379     26.591   2.900  9.99759E-01  9.60344E-01  4.00754E-02
    7150.493     27.706   2.950  9.99127E-01  9.62472E-01  3.72061E-02
    7151.626     28.839   3.000  9.97536E-01  9.64600E-01  3.33747E-02
    7152.779     29.992   3.050  9.94903E-01  9.66337E-01  2.89063E-02
    7153.950     31.163   3.100  9.92816E-01  9.68074E-01  2.50023E-02
    7155.141     32.354   3.150  9.91924E-01  9.69811E-01  2.23155E-02
    7156.351     33.563   3.200  9.92539E-01  9.71548E-01  2.11541E-02
    7157.580     34.792   3.250  9.93102E-01  9.72201E-01  2.10374E-02
    7158.827     36.040   3.300  9.94966E-01  9.72854E-01  2.22290E-02
    7160.094     37.307   3.350  9.97485E-01  9.73506E-01  2.40751E-02
    7161.380     38.593   3.400  9.99772E-01  9.74159E-01  2.56850E-02
    7162.685     39.898   3.450  1.00078E+00  9.74865E-01  2.59721E-02
    7164.009     41.222   3.500  9.99806E-01  9.75571E-01  2.42730E-02
    7165.352     42.565   3.550  9.96149E-01  9.76277E-01  1.98910E-02
    7166.714     43.927   3.600  9.89455E-01  9.76982E-01  1.24763E-02
    7168.095     45.308   3.650  9.79278E-01  9.77126E-01  2.15045E-03
    7169.495     46.708   3.700  9.66825E-01  9.77270E-01 -1.04321E-02
    7170.914     48.127   3.750  9.53071E-01  9.77414E-01 -2.42944E-02
    7172.353     49.565   3.800  9.39335E-01  9.77558E-01 -3.81178E-02
    7173.810     51.023   3.850  9.27525E-01  9.78029E-01 -5.03365E-02
    7175.286     52.499   3.900  9.18825E-01  9.78501E-01 -5.94434E-02
    7176.782     53.994   3.950  9.14470E-01  9.78973E-01 -6.42148E-02
    7178.296     55.509   4.000  9.15225E-01  9.79445E-01 -6.38957E-02
    7179.830     57.042   4.050  9.21383E-01  9.79805E-01 -5.80942E-02
    7181.382     58.595   4.100  9.32264E-01  9.80166E-01 -4.76059E-02
    7182.954     60.167   4.150  9.46561E-01  9.80526E-01 -3.37357E-02
    7184.545     61.757   4.200  9.62422E-01  9.80886E-01 -1.83290E-02
    7186.154     63.367   4.250  9.77947E-01  9.81265E-01 -3.29188E-03
    7187.783     64.996   4.300  9.90589E-01  9.81644E-01  8.87048E-03
    7189.431     66.644   4.350  9.98492E-01  9.82023E-01  1.63240E-02
    7191.098     68.310   4.400  1.00049E+00  9.82401E-01  1.79223E-02
    7192.784     69.996   4.450  9.96314E-01  9.82826E-01  1.33564E-02
    7194.489     71.701   4.500  9.86673E-01  9.83250E-01  3.38781E-03
    7196.213     73.425   4.550  9.73438E-01  9.83675E-01 -1.01286E-02
    7197.956     75.168   4.600  9.59273E-01  9.84099E-01 -2.45539E-02
    7199.718     76.931   4.650  9.47050E-01  9.84354E-01 -3.68874E-02
    7201.499     78.712   4.700  9.40213E-01  9.84609E-01 -4.38912E-02
    7203.299     80.512   4.750  9.41287E-01  9.84865E-01 -4.30725E-02
    7205.119     82.331   4.800  9.51732E-01  9.85120E-01 -3.29941E-02
    7206.957     84.170   4.850  9.71794E-01  9.85286E-01 -1.33327E-02
    7208.814     86.027   4.900  9.99930E-01  9.85453E-01  1.43077E-02
    7210.691     87.903   4.950  1.03315E+00  9.85619E-01  4.69703E-02
    7212.586     89.799   5.000  1.06736E+00  9.85786E-01  8.06225E-02
    7214.501     91.713   5.050  1.09787E+00  9.85780E-01  1.10795E-01
    7216.434     93.647   5.100  1.12002E+00  9.85775E-01  1.32721E-01
    7218.387     95.600   5.150  1.13016E+00  9.85770E-01  1.42770E-01
    7220.359     97.571   5.200  1.12610E+00  9.85764E-01  1.38784E-01
    7222.349     99.562   5.250  1.10684E+00  9.85535E-01  1.20031E-01
    7224.359    101.572   5.300  1.07466E+00  9.85305E-01  8.84541E-02
    7226.388    103.600   5.350  1.03312E+00  9.85076E-01  4.75824E-02
    7228.436    105.648   5.400  9.87075E-01  9.84846E-01  2.20883E-03
    7230.503    107.715   5.450  9.41520E-01  9.84418E-01 -4.25423E-02
    7232.589    109.801   5.500  9.02197E-01  9.83989E-01 -8.11727E-02
    7234.694    111.906   5.550  8.73185E-01  9.83561E-01 -1.09620E-01
    7236.818    114.030   5.600  8.56873E-01  9.83132E-01 -1.25487E-01
    7238.961    116.173   5.650  8.53654E-01  9.82483E-01 -1.28155E-01
    7241.123    118.336   5.700  8.62067E-01  9.81834E-01 -1.19246E-01
    7243.304    120.517   5.750  8.78925E-01  9.81186E-01 -1.01905E-01
    7245.504    122.717   5.800  9.00141E-01  9.80537E-01 -8.01873E-02
    7247.724    124.936   5.850  9.21465E-01  9.79763E-01 -5.82122E-02
    7249.962    127.175   5.900  9.39362E-01  9.78989E-01 -3.96136E-02
    7252.220    129.432   5.950  9.51635E-01  9.78215E-01 -2.66009E-02
    7254.496    131.709   6.000  9.57756E-01  9.77440E-01 -1.97225E-02
    7256.791    134.004   6.050  9.58815E-01  9.76502E-01 -1.77438E-02
    7259.106    136.319   6.100  9.57500E-01  9.75563E-01 -1.81455E-02
    7261.440    138.652   6.150  9.57002E-01  9.74625E-01 -1.77261E-02
    7263.792    141.005   6.200  9.60399E-01  9.73686E-01 -1.33823E-02
    7266.164    143.377   6.250  9.69919E-01  9.72748E-01 -2.85233E-03
    7268.555    145.767   6.300  9.86379E-01  9.71809E-01  1.47127E-02
    7270.965    148.177   6.350  1.00891E+00  9.70870E-01  3.84640E-02
    7273.393    150.606   6.400  1.03504E+00  9.69932E-01  6.59170E-02
    7275.841    153.054   6.450  1.06108E+00  9.68993E-01  9.33520E-02
    7278.308    155.521   6.500  1.08280E+00  9.68055E-01  1.16478E-01
    7280.794    158.007   6.550  1.09576E+00  9.67107E-01  1.30771E-01
    7283.299    160.512   6.600  1.09715E+00  9.66158E-01  1.33329E-01
    7285.824    163.036   6.650  1.08585E+00  9.65210E-01  1.22962E-01
    7288.367    165.579   6.700  1.06270E+00  9.64262E-01  1.00477E-01
    7290.929    168.142   6.750  1.03040E+00  9.63314E-01  6.85700E-02
    7293.510    170.723   6.800  9.93010E-01  9.62366E-01  3.13641E-02
    7296.111    173.323   6.850  9.55254E-01  9.61418E-01 -6.31761E-03
    7298.730    175.943   6.900  9.21687E-01  9.60470E-01 -3.98038E-02
    7301.368    178.581   6.950  8.95900E-01  9.59521E-01 -6.53883E-02
    7304.026    181.238   7.000  8.79923E-01  9.58573E-01 -8.09465E-02
    7306.702    183.915   7.050  8.74165E-01  9.57703E-01 -8.60953E-02
    7309.398    186.611   7.100  8.76769E-01  9.56832E-01 -8.26278E-02
    7312.112    189.325   7.150  8.84735E-01  9.55962E-01 -7.36098E-02
    7314.846    192.059   7.200  8.94468E-01  9.55091E-01 -6.27375E-02
    7317.599    194.811   7.250  9.02594E-01  9.54221E-01 -5.35016E-02
    7320.371    197.583   7.300  9.06697E-01  9.53350E-01 -4.84146E-02
    7323.161    200.374   7.350  9.05847E-01  9.52480E-01 -4.84597E-02
    7325.971    203.184   7.400  9.00799E-01  9.51609E-01 -5.28749E-02
    7328.800    206.013   7.450  8.93814E-01  9.50738E-01 -5.93198E-02
    7331.648    208.861   7.500  8.88161E-01  9.49868E-01 -6.43929E-02
    7334.515    211.728   7.550  8.87546E-01  9.48973E-01 -6.41926E-02
    7337.401    214.614   7.600  8.94969E-01  9.48079E-01 -5.55805E-02
    7340.306    217.519   7.650  9.12007E-01  9.47185E-01 -3.68664E-02
    7343.231    220.443   7.700  9.38383E-01  9.46290E-01 -8.29893E-03
    7346.174    223.386   7.750  9.71837E-01  9.45396E-01  2.77900E-02
    7349.136    226.349   7.800  1.00840E+00  9.44501E-01  6.72563E-02
    7352.117    229.330   7.850  1.04302E+00  9.43607E-01  1.04788E-01
    7355.118    232.330   7.900  1.07043E+00  9.42712E-01  1.34808E-01
    7358.137    235.350   7.950  1.08606E+00  9.41818E-01  1.52470E-01
    7361.176    238.388   8.000  1.08692E+00  9.40923E-01  1.54549E-01
    7364.233    241.446   8.050  1.07193E+00  9.39965E-01  1.39871E-01
    7367.310    244.522   8.100  1.04279E+00  9.39006E-01  1.10149E-01
    7370.405    247.618   8.150  1.00324E+00  9.38048E-01  6.92754E-02
    7373.520    250.733   8.200  9.58506E-01  9.37089E-01  2.27885E-02
    7376.654    253.866   8.250  9.14493E-01  9.36131E-01 -2.30531E-02
    7379.806    257.019   8.300  8.76762E-01  9.35172E-01 -6.23134E-02
    7382.978    260.191   8.350  8.49632E-01  9.34214E-01 -9.03501E-02
    7386.169    263.382   8.400  8.35521E-01  9.33255E-01 -1.04536E-01
    7389.379    266.592   8.450  8.34624E-01  9.32297E-01 -1.04606E-01
    7392.608    269.821   8.500  8.45016E-01  9.31338E-01 -9.25701E-02
    7395.856    273.069   8.550  8.62923E-01  9.30272E-01 -7.23035E-02
    7399.123    276.336   8.600  8.84009E-01  9.29205E-01 -4.85746E-02
    7402.409    279.622   8.650  9.03780E-01  9.28139E-01 -2.62080E-02
    7405.714    282.927   8.700  9.18563E-01  9.27072E-01 -9.16562E-03
    7409.038    286.251   8.750  9.26142E-01  9.26006E-01  1.46923E-04
    7412.382    289.594   8.800  9.26090E-01  9.24939E-01  1.24261E-03
    7415.744    292.957   8.850  9.19734E-01  9.23873E-01 -4.47238E-03
    7419.125    296.338   8.900  9.09779E-01  9.22806E-01 -1.40943E-02
    7422.526    299.738   8.950  8.99675E-01  9.21740E-01 -2.38990E-02
    7425.945    303.158   9.000  8.92859E-01  9.20673E-01 -3.01599E-02
    7429.384    306.596   9.050  8.92096E-01  9.19623E-01 -2.98792E-02
    7432.841    310.054   9.100  8.98722E-01  9.18572E-01 -2.15681E-02
    7436.318    313.531   9.150  9.12514E-01  9.17522E-01 -5.44675E-03
    7439.814    317.026   9.200  9.31674E-01  9.16472E-01  1.65523E-02
    7443.328    320.541   9.250  9.53174E-01  9.15421E-01  4.11465E-02
    7446.862    324.075   9.300  9.73331E-01  9.14371E-01  6.43271E-02
    7450.415    327.628   9.350  9.88511E-01  9.13321E-01  8.21198E-02
    7453.987    331.199   9.400  9.95809E-01  9.12270E-01  9.13313E-02
    7457.578    334.790   9.450  9.93585E-01  9.11220E-01  9.01412E-02
    7461.188    338.400   9.500  9.81759E-01  9.10170E-01  7.84295E-02
    7464.817    342.029   9.550  9.61907E-01  9.09184E-01  5.78218E-02
    7468.465    345.677   9.600  9.36606E-01  9.08199E-01  3.11869E-02
    7472.132    349.344   9.650  9.09362E-01  9.07213E-01  2.36127E-03
    7475.818    353.031   9.700  8.83829E-01  9.06227E-01 -2.46425E-02
    7479.523    356.736   9.750  8.63176E-01  9.05242E-01 -4.63293E-02
    7483.247    360.460   9.800  8.49572E-01  9.04256E-01 -6.02901E-02
    7486.991    364.203   9.850  8.43883E-01  9.03271E-01 -6.55456E-02
    7490.753    367.966   9.900  8.45619E-01  9.02285E-01 -6.26089E-02
    7494.535    371.747   9.950  8.53137E-01  9.01300E-01 -5.32700E-02
    7498.335    375.548  10.000  8.64046E-01  9.00314E-01 -4.01567E-02
    7502.154    379.367  10.050  8.75654E-01  8.99318E-01 -2.62328E-02
    7505.993    383.206  10.100  8.85726E-01  8.98321E-01 -1.39797E-02
    7509.851    387.063  10.150  8.92620E-01  8.97325E-01 -5.22828E-03
    7513.727    390.940  10.200  8.95655E-01  8.96328E-01 -7.48297E-04
    7517.623    394.836  10.250  8.95156E-01  8.95331E-01 -1.95137E-04
    7521.538    398.750  10.300  8.92280E-01  8.94335E-01 -2.29245E-03
    7525.472    402.684  10.350  8.88680E-01  8.93338E-01 -5.20200E-03
    7529.424    406.637  10.400  8.86086E-01  8.92342E-01 -6.99525E-03
    7533.396    410.609  10.450  8.85876E-01  8.91345E-01 -6.12326E-03
    7537.387    414.600  10.500  8.88756E-01  8.90349E-01 -1.78514E-03
    7541.397    418.610  10.550  8.94592E-01  8.89352E-01  5.88082E-03
    7545.426    422.639  10.600  9.02434E-01  8.88355E-01  1.58200E-02
    7549.474    426.687  10.650  9.10725E-01  8.87359E-01  2.62890E-02
    7553.542    430.754  10.700  9.17642E-01  8.86362E-01  3.52365E-02
    7557.628    434.840  10.750  9.21497E-01  8.85366E-01  4.07525E-02
    7561.733    438.946  10.800  9.21109E-01  8.84369E-01  4.14910E-02
    7565.857    443.070  10.850  9.16072E-01  8.83373E-01  3.69740E-02
    7570.001    447.213  10.900  9.06856E-01  8.82376E-01  2.77146E-02
    7574.163    451.376  10.950  8.94729E-01  8.81380E-01  1.51322E-02
    7578.345    455.557  11.000  8.81510E-01  8.80383E-01  1.27925E-03
    7582.545    459.758  11.050  8.68951E-01  8.79162E-01 -1.16065E-02
    7586.765    463.977  11.100  8.59052E-01  8.77941E-01 -2.15017E-02
    7591.003    468.216  11.150  8.53082E-01  8.76720E-01 -2.69464E-02
    7595.261    472.474  11.200  8.51532E-01  8.75499E-01 -2.73608E-02
    7599.538    476.750  11.250  8.54033E-01  8.74278E-01 -2.31459E-02
    7603.833    481.046  11.300  8.59445E-01  8.73057E-01 -1.55847E-02
    7608.148    485.361  11.350  8.66108E-01  8.71836E-01 -6.56790E-03
    7612.482    489.695  11.400  8.72183E-01  8.70614E-01  1.80180E-03
    7616.835    494.048  11.450  8.76039E-01  8.69393E-01  7.64300E-03
    7621.207    498.420  11.500  8.76576E-01  8.68172E-01  9.67961E-03
    7625.598    502.811  11.550  8.73451E-01  8.66951E-01  7.49713E-03
    7630.008    507.221  11.600  8.67133E-01  8.65730E-01  1.62000E-03
    7634.437    511.650  11.650  8.58800E-01  8.64509E-01 -6.60436E-03
    7638.885    516.098  11.700  8.50092E-01  8.63288E-01 -1.52898E-02
    7643.352    520.565  11.750  8.42758E-01  8.62067E-01 -2.24050E-02
    7647.839    525.051  11.800  8.38305E-01  8.60846E-01 -2.61948E-02
    7652.344    529.557  11.850  8.37676E-01  8.59625E-01 -2.55449E-02
    7656.868    534.081  11.900  8.41061E-01  8.58404E-01 -2.02141E-02
    7661.412    538.624  11.950  8.47853E-01  8.57183E-01 -1.08906E-02
    7665.974    543.187  12.000  8.56765E-01  8.55962E-01  9.39790E-04
    7670.556    547.768  12.050  8.66066E-01  8.54639E-01  1.33802E-02
    7675.156    552.369  12.100  8.74011E-01  8.53316E-01  2.42680E-02
    7679.776    556.989  12.150  8.79020E-01  8.51993E-01  3.17418E-02
    7684.415    561.627  12.200  8.80055E-01  8.50671E-01  3.45645E-02
    7689.072    566.285  12.250  8.76808E-01  8.49348E-01  3.23516E-02
    7693.749    570.962  12.300  8.69746E-01  8.48025E-01  2.56298E-02
    7698.445    575.658  12.350  8.60005E-01  8.46703E-01  1.57207E-02
    7703.160    580.372  12.400  8.49158E-01  8.45380E-01  4.47239E-03
    7707.894    585.106  12.450  8.38910E-01  8.44057E-01 -6.10222E-03
    7712.647    589.859  12.500  8.30767E-01  8.42734E-01 -1.42096E-02
    7717.419    594.631  12.550  8.25765E-01  8.41412E-01 -1.86064E-02
    7722.210    599.422  12.600  8.24293E-01  8.40089E-01 -1.88138E-02
    7727.020    604.232  12.650  8.26043E-01  8.38766E-01 -1.51779E-02
    7731.849    609.062  12.700  8.30104E-01  8.37444E-01 -8.76887E-03
    7736.697    613.910  12.750  8.35165E-01  8.36121E-01 -1.14358E-03
    7741.564    618.777  12.800  8.39785E-01  8.34798E-01  5.97647E-03
    7746.451    623.663  12.850  8.42678E-01  8.33476E-01  1.10472E-02
    7751.356    628.569  12.900  8.42962E-01  8.32153E-01  1.29959E-02
    7756.280    633.493  12.950  8.40307E-01  8.30830E-01  1.14125E-02
    7761.224    638.437  13.000  8.34983E-01  8.29507E-01  6.60426E-03
    7766.186    643.399  13.050  8.28323E-01  8.28749E-01 -5.14397E-04
    7771.168    648.381  13.100  8.20909E-01  8.27990E-01 -8.57045E-03
    7776.169    653.381  13.150  8.13999E-01  8.27231E-01 -1.60418E-02
    7781.188    658.401  13.200  8.08733E-01  8.26473E-01 -2.15434E-02
    7786.227    663.440  13.250  8.05921E-01  8.25714E-01 -2.40788E-02
    7791.285    668.497  13.300  8.05914E-01  8.24955E-01 -2.32039E-02
    7796.361    673.574  13.350  8.08568E-01  8.24196E-01 -1.90780E-02
    7801.457    678.670  13.400  8.13299E-01  8.23438E-01 -1.23985E-02
    7806.572    683.785  13.450  8.19217E-01  8.22679E-01 -4.24044E-03
    7811.706    688.919  13.500  8.25311E-01  8.21920E-01  4.16079E-03
    7816.859    694.072  13.550  8.30630E-01  8.21162E-01  1.16383E-02
    7822.031    699.244  13.600  8.34443E-01  8.20403E-01  1.72883E-02
    7827.222    704.435  13.650  8.36342E-01  8.19644E-01  2.05960E-02
    7832.432    709.645  13.700  8.36266E-01  8.18886E-01  2.14753E-02
    7837.662    714.874  13.750  8.34465E-01  8.18127E-01  2.02231E-02
    7842.910    720.123  13.800  8.31406E-01  8.17368E-01  1.74064E-02
    7848.177    725.390  13.850  8.27649E-01  8.16609E-01  1.37126E-02
    7853.464    730.676  13.900  8.23725E-01  8.15851E-01  9.79806E-03
    7858.769    735.982  13.950  8.20039E-01  8.15092E-01  6.16686E-03
    7864.093    741.306  14.000  8.16817E-01  8.14333E-01  3.10148E-03
    7869.437    746.650  14.050  8.13967E-01  8.13452E-01  6.43873E-04
    7874.799    752.012  14.100  8.11485E-01  8.12571E-01 -1.36084E-03
    7880.181    757.394  14.150  8.09189E-01  8.11690E-01 -3.14033E-03
    7885.582    762.794  14.200  8.06902E-01  8.10809E-01 -4.91475E-03
    7891.001    768.214  14.250  8.04522E-01  8.09928E-01 -6.81273E-03
    7896.440    773.653  14.300  8.02059E-01  8.09047E-01 -8.82257E-03
    7901.898    779.111  14.350  7.99636E-01  8.08166E-01 -1.07886E-02
    7907.375    784.588  14.400  7.97460E-01  8.07284E-01 -1.24504E-02
    7912.871    790.083  14.450  7.95760E-01  8.06403E-01 -1.35123E-02
    7918.386    795.598  14.500  7.94733E-01  8.05522E-01 -1.37227E-02
    7923.920    801.132  14.550  7.94484E-01  8.04641E-01 -1.29435E-02
    7929.473    806.685  14.600  7.94995E-01  8.03760E-01 -1.11898E-02
    7935.045    812.258  14.650  7.96130E-01  8.02879E-01 -8.63235E-03
    7940.636    817.849  14.700  7.97658E-01  8.01998E-01 -5.56184E-03
    7946.246    823.459  14.750  7.99305E-01  8.01117E-01 -2.32558E-03
    7951.875    829.088  14.800  8.00816E-01  8.00236E-01  7.46882E-04
    7957.524    834.736  14.850  8.02001E-01  7.99355E-01  3.41006E-03
    7963.191    840.404  14.900  8.02767E-01  7.98473E-01  5.54416E-03
    7968.878    846.090  14.950  8.03129E-01  7.97592E-01  7.16213E-03
    7974.583    851.796  15.000  8.03178E-01  7.96711E-01  8.38121E-03
    7980.307    857.520  15.050  8.02447E-01  7.95227E-01  9.37558E-03
    7986.051    863.264  15.100  8.01649E-01  7.93743E-01  1.02859E-02
    7991.814    869.026  15.150  8.00845E-01  7.92259E-01  1.11914E-02
    7997.595    874.808  15.200  8.00001E-01  7.90775E-01  1.20494E-02
    8003.396    880.609  15.250  7.98985E-01  7.89291E-01  1.26853E-02
    8009.216    886.428  15.300  7.97588E-01  7.87807E-01  1.28230E-02
    8015.055    892.267  15.350  7.95572E-01  7.86323E-01  1.21493E-02
    8020.912    898.125  15.400  7.92739E-01  7.84839E-01  1.03982E-02
    8026.789    904.002  15.450  7.88994E-01  7.83355E-01  7.43624E-03
    8032.685    909.898  15.500  7.84387E-01  7.81871E-01  3.32525E-03
    8038.600    915.813  15.550  7.79139E-01  7.80387E-01 -1.65181E-03
    8044.534    921.747  15.600  7.73616E-01  7.78903E-01 -7.01281E-03
    8050.487    927.700  15.650  7.68281E-01  7.77419E-01 -1.21435E-02
    8056.460    933.672  15.700  7.63620E-01  7.75935E-01 -1.63980E-02
    8062.451    939.663  15.750  7.60051E-01  7.74450E-01 -1.92122E-02
    8068.461    945.674  15.800  7.57851E-01  7.72966E-01 -2.02071E-02
    8074.490    951.703  15.850  7.57105E-01  7.71482E-01 -1.92592E-02
    8080.539    957.751  15.900  7.57687E-01  7.69998E-01 -1.65240E-02
    8086.606    963.819  15.950  7.59289E-01  7.68514E-01 -1.24064E-02
    8092.692    969.905  16.000  7.61476E-01  7.67030E-01 -7.48459E-03
    8098.798    976.011  16.050  7.62293E-01  7.64080E-01 -2.41220E-03
    8104.923    982.135  16.100  7.62802E-01  7.61129E-01  2.26360E-03
    8111.066    988.279  16.150  7.62668E-01  7.58179E-01  6.08755E-03
    8117.229    994.441  16.200  7.61706E-01  7.55228E-01  8.80161E-03
    8123.410   1000.623  16.250  7.59890E-01  7.52277E-01  1.03646E-02
    8129.611   1006.824  16.300  7.57336E-01  7.49327E-01  1.09267E-02
    8135.831   1013.044  16.350  7.54251E-01  7.46376E-01  1.07663E-02
    8142.070   1019.283  16.400  7.50875E-01  7.43426E-01  1.02060E-02
    8148.328   1025.540  16.450  7.47415E-01  7.40475E-01  9.52801E-03
    8154.605   1031.817  16.500  7.43999E-01  7.37525E-01  8.90754E-03
    8160.901   1038.113  16.550  7.40652E-01  7.34574E-01  8.37997E-03
    8167.216   1044.428  16.600  7.37303E-01  7.31624E-01  7.84721E-03
    8173.550   1050.763  16.650  7.33816E-01  7.28673E-01  7.12042E-03
    8179.903   1057.116  16.700  7.30037E-01  7.25722E-01  5.98693E-03
    8186.275   1063.488  16.750  7.25853E-01  7.22772E-01  4.28410E-03
    8192.666   1069.879  16.800  7.21229E-01  7.19821E-01  1.96136E-03
    8199.077   1076.289  16.850  7.16237E-01  7.16871E-01 -8.85472E-04
    8205.506   1082.719  16.900  7.11050E-01  7.13920E-01 -4.01624E-03
    8211.955   1089.167  16.950  7.05917E-01  7.10970E-01 -7.08500E-03
    8218.422   1095.635  17.000  7.01112E-01  7.08019E-01 -9.70617E-03
    8224.908   1102.121  17.050  6.96888E-01  7.05082E-01 -1.15392E-02
    8231.414   1108.627  17.100  6.93403E-01  7.02145E-01 -1.23359E-02
    8237.939   1115.151  17.150  6.90705E-01  6.99208E-01 -1.20245E-02
    8244.482   1121.695  17.200  6.88715E-01  6.96270E-01 -1.07067E-02
    8251.045   1128.258  17.250  6.87254E-01  6.93333E-01 -8.63301E-03
    8257.627   1134.839  17.300  6.86079E-01  6.90396E-01 -6.14460E-03
    8264.227   1141.440  17.350  6.84936E-01  6.87459E-01 -3.59841E-03
    8270.847   1148.060  17.400  6.83618E-01  6.84522E-01 -1.29197E-03
    8277.486   1154.699  17.450  6.81999E-01  6.81585E-01  5.93524E-04
    8284.144   1161.357  17.500  6.80054E-01  6.78647E-01  2.01885E-03
    8290.821   1168.034  17.550  6.77848E-01  6.75710E-01  3.07525E-03
    8297.517   1174.730  17.600  6.75506E-01  6.72773E-01  3.93944E-03
    8304.232   1181.445  17.650  6.73163E-01  6.69836E-01  4.80671E-03
    8310.966   1188.179  17.700  6.70919E-01  6.66899E-01  5.81973E-03
    8317.720   1194.932  17.750  6.68794E-01  6.63962E-01  7.01147E-03
    8324.492   1201.705  17.800  6.66718E-01  6.61024E-01  8.27790E-03
    8331.283   1208.496  17.850  6.64530E-01  6.58087E-01  9.38868E-03
    8338.094   1215.306  17.900  6.62022E-01  6.55150E-01  1.00352E-02
    8344.923   1222.136  17.950  6.58981E-01  6.52213E-01  9.90571E-03
    8351.771   1228.984  18.000  6.55255E-01  6.49276E-01  8.76966E-03
    8358.639   1235.852  18.050  6.53430E-01  6.48968E-01  6.55991E-03
    8365.525   1242.738  18.100  6.50947E-01  6.48659E-01  3.37047E-03
    8372.431   1249.644  18.150  6.48031E-01  6.48351E-01 -4.73654E-04
    8379.356   1256.568  18.200  6.45014E-01  6.48043E-01 -4.48239E-03
    8386.299   1263.512  18.250  6.42284E-01  6.47735E-01 -8.08415E-03
    8393.262   1270.475  18.300  6.40206E-01  6.47427E-01 -1.07339E-02
    8400.244   1277.457  18.350  6.39049E-01  6.47119E-01 -1.20226E-02
    8407.245   1284.457  18.400  6.38932E-01  6.46811E-01 -1.17643E-02
    8414.265   1291.477  18.450  6.39793E-01  6.46503E-01 -1.00408E-02
    8421.304   1298.516  18.500  6.41400E-01  6.46195E-01 -7.19193E-03
    8428.362   1305.574  18.550  6.43390E-01  6.45886E-01 -3.75249E-03
    8435.439   1312.651  18.600  6.45347E-01  6.45578E-01 -3.47986E-04
    8442.535   1319.747  18.650  6.46879E-01  6.45270E-01  2.43019E-03
    8449.650   1326.863  18.700  6.47699E-01  6.44962E-01  4.14299E-03
    8456.784   1333.997  18.750  6.47680E-01  6.44654E-01  4.59050E-03
    8463.937   1341.150  18.800  6.46877E-01  6.44346E-01  3.84816E-03
    8471.110   1348.322  18.850  6.45510E-01  6.44038E-01  2.24446E-03
    8478.301   1355.514  18.900  6.43916E-01  6.43730E-01  2.84696E-04
    8485.511   1362.724  18.950  6.42466E-01  6.43421E-01 -1.46294E-03
    8492.741   1369.953  19.000  6.41488E-01  6.43113E-01 -2.49425E-03
    8499.989   1377.202  19.050  6.41849E-01  6.43469E-01 -2.49111E-03
    8507.257   1384.470  19.100  6.42948E-01  6.43825E-01 -1.35086E-03
    8514.543   1391.756  19.150  6.44659E-01  6.44180E-01  7.39955E-04
    8521.849   1399.062  19.200  6.46705E-01  6.44536E-01  3.36024E-03
    8529.174   1406.386  19.250  6.48721E-01  6.44891E-01  5.94526E-03
    8536.518   1413.730  19.300  6.50331E-01  6.45247E-01  7.90973E-03
    8543.880   1421.093  19.350  6.51230E-01  6.45602E-01  8.77619E-03
    8551.262   1428.475  19.400  6.51256E-01  6.45958E-01  8.28063E-03
    8558.663   1435.876  19.450  6.50419E-01  6.46314E-01  6.43212E-03
    8566.083   1443.296  19.500  6.48907E-01  6.46669E-01  3.51378E-03
    8573.522   1450.735  19.550  6.47040E-01  6.47025E-01  2.47899E-05
    8580.980   1458.193  19.600  6.45210E-01  6.47380E-01 -3.42344E-03
    8588.457   1465.670  19.650  6.43794E-01  6.47736E-01 -6.23426E-03
    8595.953   1473.166  19.700  6.43077E-01  6.48091E-01 -7.94812E-03
    8603.468   1480.681  19.750  6.43202E-01  6.48447E-01 -8.33383E-03
    8611.003   1488.215  19.800  6.44138E-01  6.48803E-01 -7.42934E-03
    8618.556   1495.769  19.850  6.45698E-01  6.49158E-01 -5.52426E-03
    8626.128   1503.341  19.900  6.47583E-01  6.49514E-01 -3.08879E-03
    8633.720   1510.932  19.950  6.49454E-01  6.49869E-01 -6.65966E-04
    8641.330   1518.543  20.000  6.51001E-01  6.50225E-01  1.24846E-03
